1 23 0 0.842088
1501 23 0 0.737841
1801 23 0 0.665955
2101 24 0 0.435376
2401 12 2 0.652979
2701 12 2 0.658022
3001 14 0 0.574740
3301 24 0 0.435376
3601 12 2 0.636907
4201 12 2 0.674487
4501 14 0 0.905076
4801 12 2 0.717716
5101 12 2 0.707758
5401 12 2 0.731077
5701 12 2 0.750851
6001 24 0 0.435376
6301 12 2 0.771317
6601 12 2 0.721654
6901 12 2 0.689895
7201 12 2 0.732740
7501 12 2 0.682505
7801 12 2 0.655159
8101 12 2 0.655159
9001 12 2 0.732740
9301 12 2 0.671192
9601 12 2 0.583502
9901 23 0 0.800951
10501 12 2 0.732740
10801 23 0 0.831505
11101 12 2 0.593740
11401 12 2 0.597119
11701 24 0 0.435376
12001 23 0 0.747069
12601 12 2 0.732740
12901 12 2 0.664390
13201 12 2 0.732740
13801 12 2 0.749118
14101 12 2 0.732740
14401 24 0 0.705630
