1 1 0 0.340467
301 14 0 0.861810
601 14 0 0.590288
901 1 0 0.305518
1201 17 0 0.239666
1501 14 0 0.226426
1801 14 0 0.211465
2101 1 0 0.245245
2701 14 0 0.426772
3001 17 0 0.389487
3301 17 0 0.448360
3601 17 0 0.579317
3901 17 0 0.443214
4201 24 0 0.233488
5401 1 0 0.291894
6001 1 0 0.291894
6301 24 0 0.506194
9601 11 0 0.311187
9901 10 0 0.404015
10201 5 0 0.152784
10501 5 0 0.297597
10801 22 0 0.243473
11101 22 0 0.422326
11401 24 0 0.333446
12001 1 0 0.363512
12301 1 0 0.413646
12601 5 0 0.719279
12901 1 0 0.366502
13201 1 0 0.436897
13501 1 0 0.482622
13801 1 0 0.482622
14401 1 0 0.482622
14701 5 0 0.454883
15901 1 0 0.415306
16201 5 0 0.881468
16501 5 0 0.807309
16801 5 0 0.807309
17101 3 0 0.375086
17401 24 0 0.314886
17701 5 0 0.318997
18001 24 0 0.333446
18601 14 0 0.189496
18901 14 0 0.281834
19201 24 0 0.333446
19501 14 0 0.312640
19801 14 0 0.312640
20101 14 0 0.312640
20401 23 0 0.602996
20701 23 0 0.532597
21001 22 0 0.714769
21301 24 0 0.812766
21601 24 0 0.706642
21901 24 0 0.706642
22501 24 0 0.486378
22801 23 0 0.339094
23701 23 0 0.665540
25801 23 0 0.911205
26101 15 0 0.189219
26401 22 0 0.700538
26701 24 0 0.522822
27001 24 0 0.398710
27301 24 0 0.328485
27601 24 0 0.286267
28201 22 0 0.316631
