1 5 0 0.317139
301 4 0 0.813738
601 4 0 0.841878
1501 2 0 0.252352
3001 4 0 0.810733
3301 5 0 0.768036
3601 5 0 0.823236
3901 3 0 0.771016
4201 1 0 0.299489
5701 5 0 0.519391
6001 5 0 0.519391
6601 5 0 0.442845
6901 5 0 0.362157
7201 5 0 0.847600
7501 5 0 0.928618
7801 23 0 0.300890
8101 10 0 0.232501
8401 10 0 0.232501
8701 5 0 0.353499
9001 5 0 0.558047
9301 5 0 0.456381
9601 5 0 0.470984
9901 5 0 0.456381
10201 5 0 0.545317
10801 5 0 0.456381
11401 5 0 0.649122
11701 5 0 0.546251
12001 10 0 0.187039
12301 10 0 0.924224
12601 10 0 0.943835
12901 10 0 0.943835
13501 10 0 0.716163
13801 10 0 0.947898
14101 10 0 0.866744
14701 10 0 0.749311
15301 10 0 0.966633
15601 10 0 0.891796
15901 10 0 0.920613
16201 10 0 0.929841
16501 10 0 0.929841
16801 10 0 0.765626
17101 10 0 0.651825
17401 10 0 0.740592
17701 10 0 0.948830
18001 10 0 0.685671
18301 14 0 0.286092
18601 10 0 0.413405
18901 17 0 0.605177
19201 17 0 0.605177
19501 14 0 0.761851
19801 14 0 0.677466
20101 14 0 0.605092
20401 24 0 0.270753
20701 10 0 0.436608
21001 10 0 0.561940
21301 5 0 0.338104
21601 5 0 0.838969
22201 5 0 0.301822
22501 2 0 0.415814
22801 14 0 0.319091
23101 14 0 0.288919
23701 24 0 0.326870
24001 12 0 0.283146
24301 24 0 0.215677
24601 12 0 0.273880
24901 24 0 0.181536
25201 10 0 0.339388
25501 14 0 0.835514
25801 14 0 0.828603
26101 14 0 0.660027
26401 10 0 0.434243
26701 10 0 0.487339
27001 10 0 0.219092
27301 14 0 0.228733
27601 14 0 0.292169
27901 10 0 0.517444
28201 10 0 0.810479
28501 10 0 0.596775
28801 10 0 0.682425
29101 14 0 0.426490
29401 14 0 0.319091
29701 12 0 0.486621
30001 10 0 0.463317
30301 10 0 0.791017
30601 22 0 0.230978
31501 24 0 0.208155
31801 10 0 0.362382
32101 10 0 0.362382
32401 10 0 0.356325
32701 22 0 0.452047
33001 23 0 0.501661
33601 23 0 0.345519
33901 23 0 0.348651
34501 23 0 0.414944
39001 23 0 0.788142
39301 2 0 0.211941
39601 2 0 0.479802
39901 2 0 0.511857
40201 22 0 0.262021
40501 9 0 0.422267
40801 9 0 0.548645
41101 9 0 0.543667
41401 9 0 0.379507
42001 9 0 0.400077
42301 9 0 0.642243
42601 24 0 0.819312
42901 24 0 0.819312
43201 24 0 0.819312
44101 24 0 0.431454
44701 24 0 0.813878
45001 24 0 0.428809
56701 24 0 0.354139
57001 24 0 0.392839
63601 24 0 0.450717
63901 2 0 0.496950
64201 2 0 0.499288
64501 2 0 0.204222
64801 2 0 0.464572
65101 2 0 0.275550
66901 1 0 0.335556
67801 5 0 0.800448
68101 9 0 0.595436
68401 9 0 0.618312
68701 9 0 0.662471
69001 9 0 0.420329
69301 9 0 0.619262
69601 24 0 0.352622
69901 9 0 0.269092
70201 9 0 0.269092
