1 24 0 0.290043
301 5 0 0.263162
601 5 0 0.270632
901 24 0 0.370001
1501 24 0 0.447570
1801 5 0 0.270632
2101 22 0 0.341764
2401 22 0 0.365417
2701 24 0 0.835930
3001 24 0 0.873050
3301 24 0 0.873050
3901 23 0 0.348946
4201 24 0 0.320093
4501 22 0 0.468408
4801 22 0 0.378179
5101 5 0 0.335701
5401 5 0 0.419798
6001 5 0 0.419798
6901 1 0 0.337727
7201 1 0 0.269338
7501 5 0 0.779267
7801 5 0 0.905508
8101 3 0 0.653463
8401 3 0 0.763477
8701 5 0 0.374482
9001 5 0 0.939184
9301 5 0 0.768772
9601 5 0 0.944200
10201 5 0 0.985830
10501 24 0 0.349575
10801 24 0 0.280271
11101 22 0 0.655629
11401 22 0 0.427621
12001 22 0 0.712189
12301 22 0 0.942347
12601 22 0 0.898466
13501 22 0 0.956597
13801 22 0 0.990823
14101 23 0 0.946704
14401 23 0 0.499835
14701 23 0 0.850097
15001 23 0 0.850097
16501 23 0 0.852508
16801 23 0 0.500976
18001 23 0 0.855242
19501 23 0 0.855242
19801 23 0 0.490434
24001 23 0 0.838006
24301 23 0 0.454876
27901 22 0 0.470429
28201 24 0 0.348571
28501 17 0 0.498805
28801 17 0 0.231166
29101 14 0 0.636060
29401 14 0 0.837583
29701 14 0 0.373693
30001 14 0 0.515118
30301 14 0 0.939693
30601 14 0 0.749757
30901 24 0 0.316204
31201 14 0 0.427235
31501 14 0 0.434505
31801 14 0 0.566416
32101 24 0 0.213112
32401 24 0 0.493981
32701 14 0 0.718140
33001 14 0 0.732006
33301 1 0 0.221087
33901 5 0 0.420137
34201 5 0 0.624010
34501 5 0 0.420137
39001 14 0 0.856143
39301 5 0 0.617893
39601 10 0 0.622684
39901 14 0 0.413272
40201 10 0 0.620662
40501 14 0 0.502365
40801 14 0 0.460667
41101 14 0 0.265619
41701 1 0 0.166503
42001 17 0 0.378850
42301 10 0 0.453980
42601 17 0 0.554452
42901 23 0 0.845431
43201 23 0 0.500976
44101 23 0 0.449728
44401 24 0 0.431470
44701 24 0 0.382786
45001 22 0 0.391034
45301 22 0 0.370829
45601 24 0 0.469673
45901 23 0 0.845474
46201 23 0 0.845431
46501 24 0 0.218125
46801 23 0 0.845431
47101 23 0 0.500976
