1 23 0 0.904831
301 23 0 0.669003
2101 14 0 0.579613
2401 14 0 0.546197
2701 14 0 0.509093
3001 14 0 0.339608
3301 10 0 0.917868
3601 10 0 0.956734
3901 10 0 0.941149
4201 10 0 0.974236
4501 10 0 0.766410
5101 10 0 0.852008
5401 10 0 0.935685
5701 10 0 0.862433
6001 14 0 0.469696
6301 14 0 0.763792
6901 11 0 0.336009
7201 17 0 0.276634
7501 24 0 0.409126
7801 17 0 0.202101
8101 11 0 0.412458
8401 10 0 0.903230
8701 10 0 0.968788
9001 10 0 0.795934
9301 10 0 0.772666
9601 10 0 0.272641
9901 10 0 0.198750
10201 10 0 0.885382
10501 10 0 0.805130
10801 10 0 0.853268
11101 5 0 0.491960
11401 10 0 0.974236
11701 10 0 0.906407
12001 10 0 0.906407
12301 10 0 0.906407
12601 10 0 0.906407
12901 10 0 0.906407
13201 10 0 0.926725
13501 10 0 0.914157
13801 10 0 0.914157
14101 10 0 0.868836
14401 10 0 0.914157
14701 10 0 0.737877
15001 14 0 0.323592
15301 10 0 0.496685
15601 10 0 0.292299
15901 14 0 0.333225
16201 10 0 0.774336
16501 10 0 0.822274
16801 14 0 0.347880
17101 10 0 0.421573
17701 10 0 0.883022
18001 10 0 0.852008
18301 10 0 0.852008
18601 10 0 0.906407
18901 10 0 0.937568
19201 10 0 0.265766
19501 14 0 0.488496
19801 10 0 0.726485
20101 17 0 0.840491
20401 14 0 0.473219
20701 10 0 0.853918
21001 14 0 0.199620
21301 13 0 0.156370
21601 10 0 0.948725
21901 10 0 0.915705
22201 24 0 0.215244
22501 24 0 0.206717
22801 24 0 0.206717
23101 13 0 0.257206
23401 10 0 0.864273
23701 14 0 0.692167
24001 14 0 0.196882
24301 10 0 0.857319
24601 10 0 0.914157
25501 10 0 0.968166
25801 10 0 0.914157
26101 10 0 0.899548
26401 12 0 0.251853
26701 24 0 0.469864
27301 24 0 0.457862
27901 24 0 0.392971
28201 24 0 0.399255
28501 24 0 0.460352
28801 24 0 0.460352
29401 10 0 0.701859
29701 10 0 0.642528
30001 10 0 0.702278
30301 10 0 0.826303
30601 10 0 0.297642
30901 13 0 0.257206
31201 17 0 0.214143
31501 10 0 0.297642
31801 11 0 0.248654
32101 17 0 0.336521
32401 10 0 0.713595
32701 10 0 0.925955
33001 17 0 0.403092
33301 17 0 0.510426
33601 17 0 0.879393
33901 17 0 0.456132
34201 17 0 0.353025
34501 14 0 0.285826
34801 17 0 0.698946
35101 10 0 0.693760
35401 10 0 0.719746
35701 17 0 0.271403
36001 13 0 0.247897
36301 22 0 0.290216
36601 24 0 0.209126
36901 24 0 0.209126
37201 17 0 0.366319
37501 17 0 0.366319
37801 24 0 0.209126
38101 17 0 0.335702
38401 24 0 0.209126
39901 24 0 0.267748
40201 24 0 0.267748
40501 24 0 0.267748
40801 24 0 0.267748
41101 24 0 0.209126
41401 24 0 0.209126
41701 24 0 0.209126
42001 24 0 0.209126
42301 24 0 0.209126
42901 24 0 0.209126
43201 24 0 0.209126
43801 17 0 0.335702
44101 22 0 0.242698
45001 10 0 0.905166
45301 10 0 0.914157
45601 10 0 0.936809
45901 10 0 0.215219
46201 14 0 0.171902
46501 22 0 0.454979
46801 22 0 0.436590
47101 22 0 0.420186
47401 24 0 0.301761
