1 14 0 0.452210
301 14 0 0.967366
601 14 0 0.976407
901 14 0 0.700273
1201 17 0 0.353676
1501 17 0 0.311019
1801 17 0 0.298223
2101 17 0 0.823434
2401 17 0 0.948410
2701 14 0 0.707372
3001 14 0 0.475337
3301 14 0 0.556359
3601 15 0 0.293513
3901 5 0 0.569829
4201 10 0 0.627125
4501 10 0 0.872642
4801 10 0 0.614766
5101 10 0 0.545016
5401 5 0 0.569829
5701 10 0 0.614766
6001 10 0 0.857890
6301 10 0 0.664196
6601 10 0 0.664196
6901 5 0 0.591728
7201 10 0 0.614766
7501 10 0 0.775536
7801 10 0 0.825630
8101 5 0 0.569829
8401 5 0 0.591728
8701 14 0 0.200544
9001 10 0 0.298977
9301 17 0 0.754602
9601 14 0 0.610524
9901 14 0 0.958450
10201 14 0 0.827245
10501 1 0 0.347717
10801 14 0 0.271223
11101 3 0 0.765525
11401 5 0 0.448968
11701 24 0 0.443764
12001 22 0 0.278904
12301 22 0 0.921016
12601 22 0 0.921016
12901 22 0 0.813816
14101 22 0 0.891462
14401 22 0 0.769552
14701 24 0 0.247402
15001 23 0 0.244602
15301 14 0 0.254060
15601 24 0 0.217792
15901 24 0 0.287162
16201 24 0 0.247402
16501 22 0 0.300460
16801 15 0 0.430171
17101 22 0 0.333184
17401 24 0 0.329783
17701 15 0 0.193437
18001 15 0 0.289246
18301 5 0 0.262149
18601 5 0 0.967256
18901 5 0 0.678215
19201 14 0 0.122987
19501 14 0 0.197557
19801 5 0 0.892219
20101 5 0 0.542034
20401 10 0 0.838840
21001 10 0 0.599567
21301 10 0 0.633239
21601 10 0 0.838840
22201 10 0 0.877298
22501 10 0 0.838840
23101 10 0 0.666976
23401 5 0 0.562028
23701 10 0 0.548728
24001 10 0 0.854748
24301 10 0 0.506495
25201 10 0 0.559955
25501 5 0 0.543840
25801 10 0 0.846974
26101 10 0 0.846974
26401 10 0 0.641263
26701 5 0 0.734393
27001 22 0 0.255341
27301 22 0 0.262391
27601 22 0 0.804201
27901 22 0 0.967327
28201 22 0 0.875193
29101 22 0 0.938264
29401 24 0 0.575312
30001 22 0 0.875193
30901 22 0 0.967327
31201 24 0 0.468549
31501 22 0 0.594462
31801 20 0 0.231307
32101 10 0 0.275137
32401 17 0 0.347518
33001 17 0 0.818437
33301 14 0 0.620558
33601 17 0 0.560665
33901 14 0 0.934949
34201 23 0 0.932177
34501 23 0 0.847845
37801 23 0 0.527694
38101 23 0 0.527694
38701 23 0 0.539907
39001 3 0 0.296005
39301 3 0 0.862169
39601 3 0 0.315143
39901 3 0 0.359039
40201 5 0 0.537154
40501 5 0 0.576104
40801 5 0 0.576104
41101 5 0 0.927474
41401 5 0 0.816914
41701 5 0 0.842562
42001 24 0 0.435303
42301 17 0 0.138835
42601 11 0 0.368583
42901 10 0 0.460074
43201 10 0 0.475231
43501 10 0 0.784837
43801 10 0 0.811546
44101 10 0 0.399909
44401 10 0 0.605075
44701 5 0 0.898775
45301 10 0 0.574895
45601 5 0 0.273489
45901 24 0 0.332043
46501 24 0 0.390096
46801 15 0 0.292622
47101 24 0 0.332043
47401 24 0 0.332043
47701 24 0 0.332043
48301 24 0 0.332043
48601 24 0 0.781546
48901 24 0 0.907814
49201 24 0 0.650870
49801 24 0 0.723154
50101 24 0 0.723154
50401 24 0 0.929217
50701 24 0 0.947868
51001 5 0 0.303138
51301 5 0 0.633434
51601 5 0 0.678184
51901 1 0 0.301843
53101 24 0 0.734613
