1 5 0 0.566536
301 5 0 0.778513
601 3 0 0.710089
901 1 0 0.424895
1201 5 0 0.597347
1801 1 0 0.418651
2101 1 0 0.418651
2701 1 0 0.571493
3001 1 0 0.424895
3301 5 0 0.238882
3601 5 0 0.408667
3901 5 0 0.690948
4201 5 0 0.455319
4501 5 0 0.455319
4801 5 0 0.742448
5101 5 0 0.819925
6001 5 0 0.832344
6901 1 0 0.428162
7201 1 0 0.537323
7501 5 0 0.771848
7801 5 0 0.819925
8101 5 0 0.335724
9601 5 0 0.582197
9901 1 0 0.604965
10201 24 0 0.296107
10501 5 0 0.798283
10801 5 0 0.479691
11101 5 0 0.479691
11701 1 0 0.754772
12001 1 0 0.754772
12301 1 0 0.575769
12601 1 0 0.403314
13501 1 0 0.673439
13801 1 0 0.400868
14101 1 0 0.611477
14401 1 0 0.466726
14701 1 0 0.391108
15301 1 0 0.403314
15901 1 0 0.406440
16201 1 0 0.941918
16501 1 0 0.926387
16801 1 0 0.951985
17101 1 0 0.370000
17401 24 0 0.298172
17701 10 0 0.749088
18001 5 0 0.501040
18301 14 0 0.421476
18901 5 0 0.599568
19201 10 0 0.676264
19501 12 0 0.373956
19801 14 0 0.349343
20101 14 0 0.410252
20401 14 0 0.550413
20701 24 0 0.363358
21001 24 0 0.216913
21301 24 0 0.300190
21901 24 0 0.300190
22201 24 0 0.305103
23401 10 0 0.569858
23701 10 0 0.487128
24001 5 0 0.574900
24301 1 0 0.310608
24601 1 0 0.170063
24901 1 0 0.229780
25201 1 0 0.164679
25501 1 0 0.164679
25801 12 0 0.239566
26101 14 0 0.257514
26701 1 0 0.164679
27001 10 0 0.442417
27301 10 0 0.306198
27601 10 0 0.306198
27901 22 0 0.421078
28201 22 0 0.996183
28501 10 0 0.266136
28801 24 0 0.261903
29101 22 0 0.983033
29401 22 0 0.994329
29701 22 0 0.995548
30001 22 0 0.995548
30301 22 0 0.984396
30601 22 0 0.961681
30901 22 0 0.984396
31201 22 0 0.995548
32701 22 0 0.995335
33001 22 0 0.995335
34501 22 0 0.995768
34801 22 0 0.984396
37201 22 0 0.994329
37501 22 0 0.919887
37801 22 0 0.994329
38101 22 0 0.925407
38401 22 0 0.834851
38701 22 0 0.911339
39001 22 0 0.935355
39901 22 0 0.828862
40201 22 0 0.758956
40501 22 0 0.654112
40801 22 0 0.499330
41101 22 0 0.610096
41401 23 0 0.264639
41701 24 0 0.292466
42001 24 0 0.346370
42301 24 0 0.327323
42901 24 0 0.526619
43501 23 0 0.883221
45901 23 0 0.921830
46201 24 0 0.395614
46501 1 0 0.322932
46801 24 0 0.355659
