1 23 0 0.842088
1501 23 0 0.737841
1801 23 0 0.857470
2101 22 0 0.280562
2401 24 0 0.358255
2701 14 0 0.849844
3001 14 0 0.952795
3301 14 0 0.452103
3601 5 0 0.249169
4201 14 0 0.943584
4501 14 0 0.943584
4801 14 0 0.470304
5101 14 0 0.784906
5401 22 0 0.321822
5701 14 0 0.326237
6001 22 0 0.319770
6301 10 0 0.332106
6601 22 0 0.251014
6901 22 0 0.384830
7201 22 0 0.393132
7501 24 0 0.325290
7801 22 0 0.395460
8101 22 0 0.395460
9001 22 0 0.314947
9301 22 0 0.267454
9601 24 0 0.262832
9901 23 0 0.755339
10501 23 0 0.817453
10801 23 0 0.492569
11101 10 0 0.358837
11401 23 0 0.412244
11701 23 0 0.809246
12001 23 0 0.766911
12601 14 0 0.308501
12901 14 0 0.192136
13201 5 0 0.911720
13801 5 0 0.425870
14101 24 0 0.715114
14401 24 0 0.463472
