1 1 0 0.406520
301 3 0 0.728305
601 3 0 0.980858
901 3 0 0.409196
2101 5 0 0.671423
2401 5 0 0.549840
2701 5 0 0.534272
3001 5 0 0.675579
3301 1 0 0.848131
3601 5 0 0.525397
3901 5 0 0.738512
4201 5 0 0.607368
4501 5 0 0.848318
4801 2 0 0.406320
5101 14 0 0.922633
5401 14 0 0.672940
5701 14 0 0.853326
6001 14 0 0.561915
6301 14 0 0.383160
6601 14 0 0.556370
6901 10 0 0.865378
7201 10 0 0.850793
7501 10 0 0.895419
7801 10 0 0.816175
8101 10 0 0.334181
8401 24 0 0.310021
8701 14 0 0.595747
9001 10 0 0.519897
9301 10 0 0.436928
9601 14 0 0.716162
9901 14 0 0.685668
10201 14 0 0.709429
10501 14 0 0.591112
10801 14 0 0.736178
11101 10 0 0.656595
11401 10 0 0.495839
11701 10 0 0.403785
12001 14 0 0.376663
12301 14 0 0.345781
12901 14 0 0.376663
13201 10 0 0.243784
13501 17 0 0.675550
13801 17 0 0.653529
14401 10 0 0.540405
14701 5 0 0.364912
15001 5 0 0.286841
15301 24 0 0.353349
15601 20 0 0.222898
15901 20 0 0.747969
16201 20 0 0.592260
16501 20 0 0.686016
16801 20 0 0.592260
17101 20 0 0.772543
17401 20 0 0.697798
17701 24 0 0.209608
18001 20 0 0.241152
18301 10 0 0.542529
18601 10 0 0.419329
18901 10 0 0.448907
19201 10 0 0.534237
19501 24 0 0.467555
19801 24 0 0.287050
20101 22 0 0.904403
20401 22 0 0.879093
21301 22 0 0.948125
21601 22 0 0.840313
21901 22 0 0.689588
22201 22 0 0.689588
22501 22 0 0.689588
22801 22 0 0.840313
23101 20 0 0.324722
23401 24 0 0.384962
23701 9 0 0.222654
24001 9 0 0.741030
24301 9 0 0.372208
24601 9 0 0.498505
