1 24 0 0.422230
301 24 0 0.422212
901 22 0 0.267670
1201 3 0 0.963683
1501 3 0 0.912076
1801 5 0 0.606282
2101 1 0 0.254562
2401 1 0 0.223667
3001 2 0 0.463459
3601 1 0 0.223667
5701 1 0 0.254562
6001 3 0 0.352357
6901 10 0 0.225999
7201 5 0 0.813578
7501 2 0 0.377402
7801 2 0 0.377402
8101 5 0 0.792911
8401 5 0 0.861801
8701 5 0 0.884418
9001 5 0 0.907662
9301 5 0 0.792224
9601 2 0 0.371076
9901 2 0 0.600228
10201 2 0 0.384957
10501 2 0 0.459923
10801 4 0 0.196957
11101 17 0 0.420062
11401 10 0 0.554701
11701 17 0 0.216118
12001 17 0 0.456744
12301 14 0 0.619327
12601 17 0 0.455014
12901 10 0 0.381063
13201 11 0 0.283613
13801 10 0 0.381063
14101 10 0 0.675628
14701 10 0 0.465334
15001 10 0 0.362431
15301 10 0 0.397531
15601 10 0 0.315209
15901 12 0 0.403665
16201 5 0 0.349393
16501 5 0 0.492907
16801 14 0 0.506945
17101 22 0 0.265925
17401 22 0 0.466144
17701 22 0 0.466144
18001 22 0 0.245835
18301 22 0 0.204533
18601 5 0 0.212674
18901 24 0 0.354433
20101 9 0 0.316170
20401 9 0 0.572710
21001 9 0 0.713286
21601 9 0 0.860118
21901 9 0 0.443674
22201 9 0 0.733841
22501 9 0 0.825423
22801 9 0 0.240378
23101 9 0 0.300656
23401 1 0 0.299611
23701 24 0 0.330691
24001 24 0 0.267814
24601 24 0 0.354433
24901 22 0 0.342826
25201 1 0 0.160322
25501 24 0 0.399355
25801 24 0 0.378929
26101 24 0 0.646744
26401 24 0 0.473263
26701 17 0 0.331084
27001 12 0 0.295529
27301 10 0 0.546363
27601 10 0 0.647566
27901 24 0 0.184500
28201 14 0 0.266681
28501 10 0 0.610009
28801 22 0 0.439962
29101 23 0 0.361496
29401 23 0 0.767648
29701 24 0 0.803836
30301 23 0 0.888516
31201 23 0 0.562468
31501 23 0 0.562468
31801 24 0 0.814552
32101 24 0 0.461219
32401 24 0 0.965732
32701 24 0 0.920482
33301 24 0 0.640896
33901 23 0 0.648206
34201 23 0 0.495939
34501 23 0 0.495939
34801 23 0 0.495939
35101 23 0 0.495939
35701 23 0 0.645832
36001 22 0 0.489508
36301 22 0 0.450447
36601 22 0 0.313628
36901 12 0 0.529925
37201 17 0 0.322411
37501 24 0 0.242741
37801 24 0 0.216766
38101 24 0 0.327635
38401 24 0 0.287355
38701 17 0 0.239271
39001 20 0 0.226347
39301 24 0 0.332722
39901 24 0 0.333888
40201 22 0 0.439193
40501 24 0 0.314440
40801 20 0 0.326038
41101 20 0 0.691608
41401 20 0 0.389095
41701 20 0 0.291731
42001 24 0 0.226635
42301 22 0 0.398359
42601 22 0 0.336100
42901 11 0 0.146833
43201 17 0 0.217283
43501 5 0 0.705384
43801 5 0 0.971460
44701 17 0 0.294558
45001 22 0 0.952794
45301 22 0 0.868413
47101 22 0 0.797209
47401 22 0 0.445815
47701 22 0 0.559340
