1 1 0 0.311426
301 24 0 0.357443
601 24 0 0.321350
901 24 0 0.343671
1501 24 0 0.321350
1801 24 0 0.357443
2101 24 0 0.357443
2401 24 0 0.357443
2701 17 0 0.299231
3001 17 0 0.299231
3601 17 0 0.299231
3901 24 0 0.250673
4201 24 0 0.250673
4501 17 0 0.160850
4801 24 0 0.321350
5101 17 0 0.385497
5401 22 0 0.192100
5701 12 0 0.208879
6001 11 0 0.384480
6301 24 0 0.299613
6601 22 0 0.245080
6901 22 0 0.204964
7201 24 0 0.317802
7501 22 0 0.204964
7801 22 0 0.204964
8101 23 0 0.336434
8401 22 0 0.776041
9901 22 0 0.847455
10501 23 0 0.385257
11701 22 0 0.847455
12301 22 0 0.847455
12601 23 0 0.385257
15001 22 0 0.847455
15301 23 0 0.385257
17101 22 0 0.938340
17401 23 0 0.385257
19801 23 0 0.766756
27001 23 0 0.854298
27901 24 0 0.776381
30601 22 0 0.834297
30901 22 0 0.889216
31201 22 0 0.847455
31501 23 0 0.337593
31801 2 0 0.404492
32101 2 0 0.404492
32401 2 0 0.434043
32701 5 0 0.391576
33001 5 0 0.391576
33301 2 0 0.404492
33601 5 0 0.391576
34201 2 0 0.404492
34501 2 0 0.404492
34801 2 0 0.323781
35101 2 0 0.498399
35401 2 0 0.342181
36001 2 0 0.404492
36301 5 0 0.916287
36601 5 0 0.957113
37201 5 0 0.879994
37501 5 0 0.860586
37801 5 0 0.860586
38101 4 0 0.394060
38401 5 0 0.634983
38701 5 0 0.860586
39001 5 0 0.860586
39301 5 0 0.860586
39601 5 0 0.860586
40501 1 0 0.413905
41701 5 0 0.810231
42001 3 0 0.725038
42301 3 0 0.426154
42601 5 0 0.744366
43201 1 0 0.361294
43501 1 0 0.361294
44101 5 0 0.744366
44401 5 0 0.744366
44701 5 0 0.860586
45001 5 0 0.860586
45601 1 0 0.492343
45901 1 0 0.887938
