1 24 0 0.358167
301 9 0 0.623724
901 9 0 0.728705
1201 9 0 0.667889
1501 9 0 0.511597
1801 9 0 0.546072
2101 9 0 0.394294
2701 9 0 0.512910
3001 9 0 0.624782
3301 9 0 0.418053
3601 22 0 0.262615
3901 24 0 0.443284
4201 22 0 0.543206
4801 24 0 0.443284
5401 24 0 0.416509
5701 22 0 0.422798
6301 22 0 0.890218
6901 22 0 0.890218
10201 24 0 0.400208
10501 23 0 0.795389
11701 23 0 0.799630
12001 23 0 0.453605
15301 1 0 0.509588
15601 5 0 0.463506
15901 5 0 0.355421
16201 5 0 0.495912
16501 5 0 0.635287
16801 1 0 0.400724
17101 5 0 0.648831
17401 5 0 0.648831
18001 5 0 0.582257
18301 24 0 0.409832
18901 5 0 0.925270
19201 2 0 0.363579
19501 5 0 0.758701
19801 3 0 0.892376
20101 3 0 0.769418
20401 1 0 0.490978
21601 1 0 0.488310
24001 3 0 0.659719
24301 3 0 0.938306
24601 5 0 0.551802
24901 5 0 0.665770
25201 2 0 0.468693
25501 14 0 0.209774
25801 14 0 0.480675
26401 14 0 0.811269
27001 14 0 0.404107
27301 24 0 0.348610
27601 12 0 0.340566
27901 12 0 0.280500
28201 22 0 0.226798
28501 24 0 0.467778
28801 12 0 0.642068
29101 12 0 0.320123
29401 24 0 0.381389
29701 24 0 0.227900
30301 12 0 0.438816
30601 22 0 0.215558
30901 24 0 0.430364
31201 24 0 0.824125
33601 22 0 0.337930
33901 1 0 0.371692
34201 1 0 0.326781
34501 1 0 0.801646
34801 1 0 0.801646
35101 1 0 0.801646
35401 1 0 0.857574
35701 1 0 0.698101
36301 24 0 0.413386
36601 24 0 0.373765
37201 24 0 0.248040
37501 17 0 0.838600
37801 17 0 0.338089
38401 17 0 0.609604
38701 17 0 0.516098
39001 24 0 0.342943
39301 24 0 0.288860
39601 24 0 0.214646
39901 24 0 0.249716
40201 24 0 0.456614
40501 22 0 0.345399
40801 22 0 0.290870
41101 22 0 0.290870
41401 22 0 0.290870
41701 22 0 0.290870
42001 22 0 0.290870
42601 24 0 0.311049
42901 24 0 0.311049
43201 22 0 0.290870
43501 22 0 0.290870
43801 22 0 0.290870
