1 23 0 0.302597
301 23 0 0.908186
3301 23 0 0.844541
3601 24 0 0.342944
3901 24 0 0.366948
4201 24 0 0.366948
4801 24 0 0.383800
5101 24 0 0.251806
5701 24 0 0.251806
6301 24 0 0.345869
6601 24 0 0.345869
6901 24 0 0.345869
7201 24 0 0.345869
7501 24 0 0.345869
8401 24 0 0.345869
8701 22 0 0.662298
9001 22 0 0.662298
9301 9 0 0.194672
10501 9 0 0.194124
10801 9 0 0.194124
11401 22 0 0.697715
11701 24 0 0.678795
12001 24 0 0.681944
12301 24 0 0.766757
12601 24 0 0.274292
12901 24 0 0.766757
13201 24 0 0.766757
13501 24 0 0.766757
14401 9 0 0.322979
14701 24 0 0.315393
15001 23 0 0.305142
15301 23 0 0.320287
15601 24 0 0.569387
15901 24 0 0.569387
17101 24 0 0.289255
17401 24 0 0.297349
17701 24 0 0.330603
18001 24 0 0.256603
18301 20 0 0.339462
18601 24 0 0.230356
18901 24 0 0.275583
19201 24 0 0.389477
20401 9 0 0.481689
20701 9 0 0.674464
21001 9 0 0.694801
21301 9 0 0.513521
21601 24 0 0.296120
21901 9 0 0.854336
22201 9 0 0.487868
22501 9 0 0.674464
23101 9 0 0.674464
23401 9 0 0.265068
23701 14 0 0.953143
24001 14 0 0.446885
24301 14 0 0.973360
24601 14 0 0.534833
24901 14 0 0.305988
25201 17 0 0.266398
25501 1 0 0.216953
25801 5 0 0.324258
26101 5 0 0.240149
26401 1 0 0.235312
26701 17 0 0.355040
27001 17 0 0.426133
27301 17 0 0.406723
27601 5 0 0.302418
27901 14 0 0.221777
28201 10 0 0.521752
28501 10 0 0.526139
28801 10 0 0.230990
29101 14 0 0.368297
29401 24 0 0.342164
29701 12 0 0.309389
30001 10 0 0.343537
30301 12 0 0.302607
30601 14 0 0.271094
30901 12 0 0.559974
31201 14 0 0.561798
31501 14 0 0.922205
31801 14 0 0.922205
32101 10 0 0.405577
32401 5 0 0.712328
32701 5 0 0.725549
33001 5 0 0.753736
33301 24 0 0.332788
34201 5 0 0.933673
34501 1 0 0.483809
34801 3 0 0.548584
35101 3 0 0.935965
35401 3 0 0.935965
35701 1 0 0.301792
36301 1 0 0.305577
36601 5 0 0.474563
36901 5 0 0.739584
37201 24 0 0.278459
37501 5 0 0.561283
37801 1 0 0.654735
38101 1 0 0.761186
