1 14 0 0.285441
301 14 0 0.295958
601 5 0 0.500762
901 12 0 0.493427
1201 12 0 0.578204
1501 9 0 0.250763
1801 5 0 0.558895
2101 10 0 0.650054
2401 10 0 0.719453
2701 10 0 0.576667
3001 10 0 0.576667
3301 10 0 0.678502
3601 10 0 0.550236
3901 10 0 0.785137
4201 10 0 0.927611
4501 10 0 0.829160
4801 10 0 0.905099
5101 10 0 0.910994
5401 10 0 0.904966
5701 10 0 0.879181
6001 10 0 0.808016
6301 10 0 0.755982
6601 10 0 0.359821
6901 10 0 0.545107
7201 10 0 0.660167
7501 10 0 0.903554
7801 10 0 0.947438
8101 10 0 0.940591
8401 10 0 0.886030
8701 10 0 0.603572
9001 10 0 0.931930
9301 10 0 0.831088
9601 10 0 0.444303
9901 10 0 0.882852
10201 10 0 0.946598
10501 10 0 0.746522
10801 10 0 0.969771
11101 10 0 0.907242
11401 10 0 0.927611
12001 10 0 0.769269
12301 10 0 0.567708
12601 5 0 0.719080
12901 5 0 0.533164
13201 5 0 0.521285
13501 5 0 0.615918
13801 5 0 0.756480
14101 5 0 0.756480
14401 10 0 0.669528
14701 10 0 0.888337
15001 10 0 0.218444
15301 14 0 0.347208
15601 24 0 0.448473
16201 14 0 0.276263
16501 10 0 0.221943
16801 12 0 0.278118
17101 14 0 0.340928
17401 1 0 0.289791
17701 24 0 0.358919
18001 14 0 0.198937
18301 14 0 0.354228
18601 24 0 0.426915
18901 11 0 0.288111
19201 11 0 0.308758
19501 14 0 0.426031
19801 12 0 0.338067
20101 14 0 0.537361
20401 14 0 0.322057
20701 5 0 0.676097
21001 5 0 0.725104
21301 5 0 0.771305
21601 12 0 0.877118
21901 12 0 0.471496
22201 12 0 0.650573
22501 12 0 0.858257
22801 12 0 0.609244
23101 12 0 0.364719
23401 12 0 0.839032
23701 14 0 0.315617
24001 14 0 0.329189
24301 23 0 0.337207
24601 24 0 0.334980
24901 24 0 0.495297
25201 24 0 0.349810
25501 23 0 0.317806
25801 14 0 0.277547
26101 14 0 0.294764
26401 20 0 0.557275
26701 24 0 0.304998
27001 24 0 0.376514
27301 24 0 0.568829
27601 20 0 0.244986
27901 20 0 0.740519
28201 24 0 0.393234
28501 24 0 0.486197
28801 20 0 0.459882
29101 14 0 0.223738
29401 14 0 0.721577
29701 14 0 0.599514
30001 17 0 0.383812
30301 17 0 0.659039
30601 14 0 0.953126
30901 14 0 0.736442
31201 14 0 0.628078
31501 14 0 0.495968
31801 14 0 0.651371
32101 12 0 0.585863
32401 12 0 0.603935
32701 12 0 0.638867
33001 14 0 0.405699
33301 14 0 0.515942
33601 24 0 0.424857
33901 22 0 0.576014
34201 22 0 0.576014
34501 22 0 0.921356
34801 22 0 0.405976
35101 14 0 0.357944
35401 14 0 0.357944
35701 14 0 0.321428
36001 14 0 0.315151
36301 14 0 0.315151
36601 14 0 0.818878
36901 14 0 0.638049
37201 22 0 0.364835
37501 22 0 0.713850
37801 22 0 0.698574
38101 22 0 0.579500
38401 22 0 0.431301
38701 22 0 0.444567
39001 22 0 0.982839
39301 22 0 0.719129
39601 22 0 0.719129
39901 22 0 0.842218
40201 22 0 0.842218
40501 22 0 0.627703
40801 22 0 0.945103
41101 22 0 0.729934
41401 22 0 0.842218
41701 22 0 0.627703
42001 22 0 0.696724
42301 22 0 0.729934
42601 22 0 0.913332
42901 22 0 0.912153
43201 24 0 0.908555
43501 24 0 0.878507
43801 24 0 0.370365
44101 24 0 0.384113
44401 24 0 0.491632
44701 14 0 0.323767
45001 14 0 0.281414
45301 24 0 0.648039
45901 24 0 0.414282
46201 24 0 0.414282
46501 24 0 0.423307
47101 24 0 0.414282
47401 24 0 0.414282
47701 24 0 0.414282
48001 24 0 0.414282
48301 24 0 0.414282
48901 24 0 0.402700
49201 9 0 0.536597
49501 9 0 0.780469
49801 9 0 0.599334
50101 9 0 0.807908
50401 9 0 0.618206
51001 9 0 0.577458
51301 24 0 0.349481
51601 22 0 0.422671
51901 23 0 0.355918
52201 24 0 0.324678
52501 24 0 0.309963
