1 24 0 0.270969
601 1 0 0.453791
901 1 0 0.453791
1201 3 0 0.930913
1501 1 0 0.453791
1801 1 0 0.453791
2101 5 0 0.574796
2401 5 0 0.574796
2701 3 0 0.483131
3001 3 0 0.547737
3301 2 0 0.428031
3601 5 0 0.258647
3901 5 0 0.310310
4201 5 0 0.963337
4801 5 0 0.901253
5101 5 0 0.903787
5401 2 0 0.361409
5701 1 0 0.224388
6001 24 0 0.523068
6301 24 0 0.535373
6601 24 0 0.380233
7201 24 0 0.560586
9301 23 0 0.438604
9601 1 0 0.282393
9901 24 0 0.423379
10201 24 0 0.538023
11101 24 0 0.538023
11401 24 0 0.486186
11701 24 0 0.331788
12001 24 0 0.331788
12301 24 0 0.486186
12901 24 0 0.486186
13201 24 0 0.421635
13501 24 0 0.462939
13801 24 0 0.506335
14101 24 0 0.538530
14401 24 0 0.342892
14701 24 0 0.331788
15001 24 0 0.375254
15601 22 0 0.272844
15901 24 0 0.482652
16201 5 0 0.451598
16501 5 0 0.613069
16801 10 0 0.395757
17101 10 0 0.204180
17401 10 0 0.493028
17701 10 0 0.521647
18001 10 0 0.521647
18301 10 0 0.492446
19201 5 0 0.613205
19501 5 0 0.808424
19801 1 0 0.255878
20101 1 0 0.269382
20401 24 0 0.214867
20701 5 0 0.413756
21001 14 0 0.743122
21301 14 0 0.607977
21601 14 0 0.375875
21901 5 0 0.481546
22201 14 0 0.815268
22501 14 0 0.536515
22801 14 0 0.896681
23101 17 0 0.275044
23401 24 0 0.357933
23701 17 0 0.252840
24001 17 0 0.205555
24301 22 0 0.852273
24601 23 0 0.281271
24901 24 0 0.568804
25201 24 0 0.568804
25501 22 0 0.373856
25801 24 0 0.415266
26401 22 0 0.361266
26701 24 0 0.461492
27001 24 0 0.307965
27301 23 0 0.371687
27601 24 0 0.467225
27901 24 0 0.440901
28201 22 0 0.977260
28501 24 0 0.450801
29101 24 0 0.592723
29701 24 0 0.291572
30001 23 0 0.750066
31201 23 0 0.799465
31501 23 0 0.363299
31801 23 0 0.750066
32101 23 0 0.363299
32701 22 0 0.656909
33001 12 0 0.533462
33601 17 0 0.210501
33901 10 0 0.465586
