1 1 0 0.429202
301 24 0 0.265250
601 24 0 0.362303
1501 24 0 0.463564
1801 22 0 0.574100
2701 22 0 0.382514
3001 22 0 0.569835
3301 22 0 0.969252
3601 22 0 0.562086
3901 22 0 0.552658
4201 24 0 0.918352
5101 24 0 0.918352
5401 24 0 0.786942
5701 22 0 0.542349
6301 22 0 0.562086
6601 22 0 0.366657
6901 10 0 0.558827
7201 9 0 0.253618
7501 20 0 0.827177
7801 20 0 0.312901
8101 20 0 0.819106
8401 20 0 0.478389
8701 20 0 0.355188
9001 20 0 0.649707
9901 20 0 0.690223
10201 22 0 0.447074
10501 22 0 0.292707
10801 24 0 0.259570
11101 24 0 0.255468
11401 20 0 0.649707
11701 20 0 0.616490
12001 24 0 0.259570
12301 20 0 0.355188
12901 20 0 0.355188
13501 24 0 0.342134
13801 24 0 0.367289
14101 14 0 0.349671
14401 14 0 0.329252
14701 22 0 0.348637
15001 24 0 0.436060
16201 24 0 0.330442
16801 24 0 0.588677
17101 24 0 0.519162
17401 14 0 0.361582
17701 14 0 0.412042
18001 24 0 0.271463
18301 24 0 0.271463
18601 24 0 0.473983
18901 23 0 0.809750
19201 24 0 0.473983
23401 24 0 0.274119
23701 24 0 0.274119
24001 23 0 0.366058
24301 22 0 0.187332
24601 10 0 0.665652
24901 17 0 0.214057
25201 14 0 0.198923
25501 1 0 0.247327
25801 14 0 0.798813
26101 14 0 0.501747
26401 24 0 0.342134
26701 1 0 0.296015
27001 24 0 0.342134
28801 24 0 0.273849
29101 24 0 0.273849
29401 9 0 0.406091
29701 9 0 0.451867
30001 9 0 0.451867
30301 9 0 0.325869
30901 9 0 0.451867
31201 9 0 0.412883
31801 9 0 0.690904
32401 24 0 0.324434
32701 24 0 0.388211
33001 9 0 0.302566
33301 9 0 0.302566
33601 24 0 0.249537
33901 24 0 0.327398
35701 1 0 0.358312
36001 1 0 0.289820
36301 24 0 0.398372
36601 1 0 0.635891
36901 1 0 0.843244
37201 3 0 0.772448
37501 1 0 0.766634
37801 1 0 0.766634
38101 1 0 0.766634
38401 1 0 0.534398
38701 1 0 0.534398
39001 1 0 0.534398
39601 1 0 0.534398
39901 1 0 0.596096
40201 1 0 0.596096
40501 5 0 0.524305
40801 5 0 0.493470
41401 5 0 0.548539
41701 1 0 0.640797
42001 1 0 0.670937
42301 1 0 0.670937
43201 5 0 0.531165
43501 1 0 0.823476
43801 1 0 0.766634
44101 5 0 0.548539
44401 5 0 0.493470
44701 5 0 0.493470
45001 5 0 0.493470
45301 5 0 0.649181
45601 1 0 0.297316
45901 1 0 0.360439
46201 1 0 0.309743
46501 1 0 0.640189
46801 1 0 0.596096
47101 1 0 0.596096
47401 1 0 0.596096
47701 1 0 0.596096
48301 1 0 0.596096
48601 1 0 0.596096
48901 1 0 0.596096
49201 1 0 0.596096
49501 1 0 0.596096
50701 1 0 0.586280
51001 24 0 0.315834
51301 24 0 0.307839
51601 24 0 0.473983
51901 24 0 0.307839
52201 24 0 0.316813
52501 22 0 0.186850
52801 5 0 0.281076
53101 24 0 0.312794
53401 24 0 0.369713
53701 24 0 0.339920
54301 14 0 0.233321
54901 24 0 0.352305
55201 24 0 0.352305
56101 24 0 0.395919
56401 24 0 0.395919
56701 24 0 0.272352
57001 24 0 0.255357
57301 9 0 0.169576
57601 9 0 0.318222
57901 9 0 0.716633
58201 9 0 0.577121
58501 9 0 0.577121
58801 9 0 0.552366
59101 9 0 0.585656
59401 9 0 0.791041
59701 9 0 0.791041
60001 9 0 0.791041
60301 9 0 0.791041
60601 9 0 0.779588
60901 9 0 0.857857
61201 9 0 0.422007
61801 9 0 0.486638
62101 9 0 0.515183
62401 24 0 0.754245
62701 24 0 0.810802
63001 24 0 0.810802
63301 24 0 0.754245
63601 24 0 0.754245
63901 24 0 0.273849
64201 24 0 0.273849
64801 24 0 0.342134
65701 24 0 0.356162
66001 14 0 0.352611
66301 24 0 0.191609
66601 24 0 0.195289
66901 14 0 0.645121
67201 12 0 0.481230
67501 17 0 0.594007
67801 17 0 0.879287
68101 17 0 0.878104
68401 17 0 0.584476
68701 17 0 0.658395
69001 14 0 0.539566
69301 14 0 0.792129
69601 24 0 0.483361
69901 24 0 0.312765
70201 22 0 0.777632
70501 22 0 0.296834
70801 22 0 0.887571
71101 22 0 0.887571
71401 22 0 0.762441
72301 22 0 0.887571
72601 24 0 0.293346
72901 24 0 0.216571
73201 24 0 0.284243
74101 24 0 0.294128
74401 24 0 0.216571
74701 24 0 0.277975
75001 24 0 0.216571
75301 24 0 0.284243
75601 24 0 0.294128
76201 24 0 0.294128
76501 24 0 0.275302
76801 24 0 0.397715
78001 24 0 0.326613
78301 24 0 0.210977
78601 10 0 0.256110
78901 24 0 0.275302
79201 24 0 0.275302
80101 24 0 0.275302
80701 22 0 0.343547
81001 22 0 0.415507
81601 22 0 0.387076
81901 22 0 0.387076
82201 22 0 0.387076
82801 22 0 0.343547
83101 24 0 0.275302
83401 22 0 0.343547
83701 22 0 0.387076
84001 22 0 0.387076
84901 24 0 0.275302
85501 22 0 0.343547
85801 22 0 0.343547
86101 22 0 0.343547
86401 22 0 0.343547
86701 22 0 0.343547
87001 22 0 0.343547
87301 22 0 0.343547
87601 22 0 0.343547
88201 22 0 0.343547
88501 22 0 0.351908
88801 22 0 0.403134
91801 22 0 0.933341
92101 22 0 0.857244
95401 10 0 0.670985
95701 10 0 0.983288
96001 10 0 0.984300
96301 10 0 0.774918
96601 10 0 0.774918
96901 10 0 0.621412
97501 10 0 0.612905
97801 10 0 0.930719
98101 10 0 0.876591
98401 10 0 0.893595
98701 10 0 0.893595
99301 10 0 0.929344
99601 10 0 0.929344
99901 10 0 0.787858
100201 10 0 0.365011
100501 10 0 0.355511
100801 10 0 0.728732
101101 5 0 0.477141
101401 14 0 0.721585
101701 14 0 0.755865
102001 14 0 0.218307
102301 24 0 0.290029
102601 24 0 0.502758
102901 24 0 0.258134
103201 14 0 0.805293
103501 24 0 0.358242
103801 5 0 0.364665
104101 14 0 0.191890
104401 10 0 0.281003
104701 14 0 0.402199
105001 24 0 0.404147
105301 10 0 0.433107
105601 5 0 0.563712
105901 10 0 0.611338
106201 10 0 0.714113
106501 10 0 0.500780
106801 24 0 0.320762
107101 24 0 0.313667
107401 10 0 0.266653
108301 10 0 0.509108
108601 22 0 0.606938
108901 22 0 0.553765
109201 22 0 0.553765
110401 22 0 0.553765
111001 22 0 0.541395
111301 24 0 0.570293
111601 22 0 0.433756
111901 24 0 0.309937
112201 24 0 0.309982
