1 3 0 0.892433
301 3 0 0.892433
601 3 0 0.785897
1801 5 0 0.407356
2101 5 0 0.528175
2401 5 0 0.894377
2701 2 0 0.390778
3001 2 0 0.633098
3601 2 0 0.559026
3901 2 0 0.559026
4201 2 0 0.390778
4801 1 0 0.327654
5101 5 0 0.924383
5401 5 0 0.809688
5701 2 0 0.734458
6001 24 0 0.305490
6301 2 0 0.513334
6601 5 0 0.956436
6901 5 0 0.966848
7201 5 0 0.924383
7501 5 0 0.547448
7801 24 0 0.294792
8101 24 0 0.311846
8401 24 0 0.356351
8701 24 0 0.322941
10201 22 0 0.333000
10501 22 0 0.333000
10801 20 0 0.243681
12001 24 0 0.235241
12301 24 0 0.234804
12601 5 0 0.711572
12901 5 0 0.910558
13201 5 0 0.910558
13501 5 0 0.500760
13801 5 0 0.352439
14101 5 0 0.821720
14401 5 0 0.339856
14701 24 0 0.265127
15001 1 0 0.182181
15301 17 0 0.215979
15601 24 0 0.207680
15901 17 0 0.179382
16201 10 0 0.341221
16501 17 0 0.252287
16801 14 0 0.249274
17101 10 0 0.199225
17401 14 0 0.276955
17701 24 0 0.308892
18301 24 0 0.344974
18601 11 0 0.306630
18901 10 0 0.412953
19201 10 0 0.316060
19501 24 0 0.393384
19801 24 0 0.393384
20101 17 0 0.574102
20401 14 0 0.315141
20701 24 0 0.308551
21001 24 0 0.308551
21301 24 0 0.315283
21601 24 0 0.307674
21901 24 0 0.315283
22201 24 0 0.315283
22501 24 0 0.315283
22801 24 0 0.315283
23101 24 0 0.315283
23701 10 0 0.194517
24001 24 0 0.315283
24301 10 0 0.194517
24601 10 0 0.194517
24901 10 0 0.472486
25201 24 0 0.315283
25501 24 0 0.315283
25801 24 0 0.315283
26101 10 0 0.472486
26401 10 0 0.613308
26701 10 0 0.264308
27001 14 0 0.280063
27601 14 0 0.452377
27901 24 0 0.443198
28201 15 0 0.211412
28501 15 0 0.218497
28801 24 0 0.354532
29101 5 0 0.259951
29401 5 0 0.461651
29701 1 0 0.291901
30001 24 0 0.211143
30301 22 0 0.163836
30601 12 0 0.156380
30901 17 0 0.211996
31201 12 0 0.259129
33001 12 0 0.581787
33301 12 0 0.337566
33601 12 0 0.242490
33901 12 0 0.242490
34201 22 0 0.240585
34501 12 0 0.399226
34801 24 0 0.452573
35101 12 0 0.259331
35401 1 0 0.322122
35701 22 0 0.254670
36001 22 0 0.390222
36301 22 0 0.453101
36601 22 0 0.366363
36901 10 0 0.293038
37201 17 0 0.386983
37501 17 0 0.312468
37801 17 0 0.260069
38101 22 0 0.219217
38401 10 0 0.179435
39001 12 0 0.451767
39301 24 0 0.200109
39601 24 0 0.232636
39901 12 0 0.458288
40201 12 0 0.307895
40501 13 0 0.299187
40801 1 0 0.166873
41101 12 0 0.579879
41401 12 0 0.337072
41701 12 0 0.705365
42001 12 0 0.373290
42301 12 0 0.439390
42601 10 0 0.389146
42901 10 0 0.721079
43201 10 0 0.870783
43501 11 0 0.285358
45001 10 0 0.870783
45301 11 0 0.526541
45601 10 0 0.317551
45901 12 0 0.335087
46201 14 0 0.293093
46501 17 0 0.134023
46801 24 0 0.331512
47101 24 0 0.273829
47401 23 0 0.372735
47701 22 0 0.184661
48001 14 0 0.404954
48301 9 0 0.238620
48601 24 0 0.301565
48901 24 0 0.420668
49501 24 0 0.218862
49801 24 0 0.301565
50101 9 0 0.306489
50401 9 0 0.356311
50701 9 0 0.456117
51001 9 0 0.640900
51301 24 0 0.250845
51601 24 0 0.250845
51901 9 0 0.470334
52501 1 0 0.386047
52801 1 0 0.386047
53101 9 0 0.546343
53401 1 0 0.386047
53701 1 0 0.422196
54001 1 0 0.351700
56101 1 0 0.351700
57901 1 0 0.351700
58201 24 0 0.342339
60001 9 0 0.438131
60301 9 0 0.463384
60601 9 0 0.627997
60901 9 0 0.685344
61201 24 0 0.227915
61501 24 0 0.259666
61801 24 0 0.342339
62101 1 0 0.254997
62401 9 0 0.317944
62701 9 0 0.385364
63001 9 0 0.335998
63301 1 0 0.457057
63601 1 0 0.405376
63901 1 0 0.450041
65401 1 0 0.422196
65701 9 0 0.278709
66001 1 0 0.314314
66301 24 0 0.448209
66601 24 0 0.316287
66901 22 0 0.416513
67501 24 0 0.334068
67801 22 0 0.352823
68101 22 0 0.567876
68401 22 0 0.918363
68701 22 0 0.475916
69001 22 0 0.960779
70501 22 0 0.960779
70801 22 0 0.563062
72001 22 0 0.791487
72601 24 0 0.790909
72901 22 0 0.979236
73201 22 0 0.979236
73501 23 0 0.926044
73801 23 0 0.870193
75901 23 0 0.854173
76201 24 0 0.426345
77401 1 0 0.268931
77701 1 0 0.339124
78001 1 0 0.335234
78301 2 0 0.521390
78601 2 0 0.655068
78901 5 0 0.304836
79201 5 0 0.295601
79501 5 0 0.203984
79801 24 0 0.347905
80101 14 0 0.222886
80401 14 0 0.468361
80701 12 0 0.214669
81001 22 0 0.227398
81301 12 0 0.310872
81601 24 0 0.326312
81901 24 0 0.347905
82201 24 0 0.352735
82501 24 0 0.352735
82801 22 0 0.223699
83101 24 0 0.450226
83401 22 0 0.223699
83701 22 0 0.198657
84001 22 0 0.618603
84301 22 0 0.432606
84601 22 0 0.671652
85201 22 0 0.438177
