1 3 0 0.583886
301 3 0 0.932464
601 1 0 0.431640
1201 5 0 0.723199
1501 5 0 0.876448
1801 5 0 0.942040
2101 5 0 0.936276
2401 5 0 0.407053
2701 22 0 0.706846
5401 22 0 0.630581
5701 23 0 0.473659
6901 23 0 0.800356
7201 23 0 0.473659
9001 10 0 0.917318
9301 10 0 0.726854
9601 10 0 0.500716
9901 10 0 0.373097
10201 10 0 0.789307
10801 10 0 0.877718
11101 14 0 0.799469
11401 14 0 0.865851
11701 14 0 0.395172
12301 24 0 0.362831
13201 24 0 0.362831
13801 1 0 0.334944
14101 1 0 0.269202
14401 14 0 0.327124
14701 24 0 0.309974
15001 1 0 0.314889
15301 1 0 0.388335
15601 1 0 0.200249
15901 10 0 0.121906
16201 1 0 0.212461
16501 14 0 0.388970
17101 12 0 0.519807
17401 12 0 0.349776
17701 10 0 0.213680
18001 20 0 0.440733
18301 1 0 0.565639
18601 1 0 0.569534
18901 1 0 0.477601
19201 24 0 0.319412
19501 24 0 0.401197
19801 14 0 0.498036
20101 14 0 0.718535
20401 14 0 0.282565
20701 17 0 0.209224
21001 17 0 0.689624
21301 23 0 0.395580
21601 14 0 0.484555
21901 14 0 0.551762
22201 24 0 0.255002
23101 14 0 0.510527
23401 14 0 0.582489
23701 14 0 0.582489
24001 14 0 0.405011
24301 14 0 0.585255
24601 24 0 0.327890
24901 1 0 0.341814
