1 5 0 0.324956
301 1 0 0.746722
601 1 0 0.822862
901 5 0 0.936600
1201 5 0 0.901162
1501 5 0 0.901162
1801 5 0 0.915075
2101 5 0 0.846432
2401 2 0 0.185201
2701 10 0 0.184243
3001 24 0 0.357936
3301 24 0 0.343441
3601 24 0 0.233532
3901 14 0 0.348528
4201 14 0 0.436258
4501 14 0 0.553480
4801 14 0 0.377892
5101 10 0 0.442522
5401 24 0 0.615762
5701 11 0 0.157713
6001 17 0 0.457526
6301 17 0 0.474659
6601 1 0 0.211326
6901 14 0 0.421964
7201 17 0 0.235307
7501 5 0 0.334021
7801 14 0 0.626073
8101 14 0 0.945347
8401 14 0 0.304517
8701 14 0 0.712229
9001 17 0 0.662120
9301 17 0 0.646423
9601 17 0 0.516645
9901 17 0 0.516645
10201 17 0 0.528807
10501 24 0 0.196083
10801 24 0 0.255509
11701 17 0 0.673174
12001 17 0 0.456438
12301 17 0 0.456438
12601 17 0 0.436357
12901 17 0 0.668168
13201 17 0 0.496243
13501 24 0 0.413139
13801 17 0 0.563405
14101 14 0 0.799172
14401 5 0 0.680332
14701 5 0 0.775347
15001 14 0 0.298049
15301 5 0 0.196287
15601 5 0 0.828650
15901 5 0 0.772170
16201 5 0 0.859604
16501 24 0 0.295441
16801 1 0 0.216879
17101 24 0 0.339166
17401 24 0 0.215133
17701 24 0 0.281172
18001 12 0 0.180325
18301 24 0 0.281172
18601 24 0 0.260185
18901 24 0 0.272661
19201 12 0 0.342072
19501 14 0 0.976744
19801 14 0 0.937007
20101 14 0 0.957929
20701 10 0 0.398434
21001 24 0 0.873525
21601 24 0 0.873525
22201 24 0 0.873525
22501 24 0 0.724469
22801 22 0 0.924493
23101 22 0 0.708304
23401 22 0 0.756727
23701 22 0 0.756727
24001 22 0 0.708304
24301 22 0 0.872428
25201 22 0 0.872428
25501 22 0 0.872428
26101 22 0 0.872428
26401 22 0 0.872428
28201 22 0 0.831993
28501 14 0 0.984536
28801 14 0 0.725711
29101 14 0 0.281676
29401 14 0 0.281676
29701 14 0 0.384480
30001 14 0 0.420309
30301 14 0 0.864181
30601 14 0 0.974093
30901 14 0 0.172036
31201 24 0 0.371730
31501 24 0 0.358277
31801 23 0 0.507845
32101 22 0 0.402746
32401 22 0 0.418129
32701 22 0 0.296462
33001 23 0 0.845282
33301 23 0 0.558873
34501 3 0 0.964920
34801 3 0 0.928072
35101 3 0 0.518421
35401 5 0 0.665475
35701 5 0 0.563863
36001 5 0 0.563863
36301 5 0 0.951424
36601 5 0 0.905621
36901 5 0 0.916544
37201 5 0 0.932014
37501 5 0 0.901162
37801 5 0 0.734079
38101 24 0 0.392036
38401 9 0 0.363532
38701 9 0 0.493966
39001 9 0 0.493966
39301 9 0 0.493966
39601 9 0 0.493966
39901 9 0 0.447702
40201 9 0 0.381133
40501 24 0 0.276677
40801 9 0 0.455015
41401 24 0 0.276677
41701 9 0 0.493966
42001 9 0 0.493966
42301 24 0 0.329558
42901 9 0 0.493966
43501 24 0 0.276677
43801 9 0 0.493966
44101 9 0 0.493966
44401 24 0 0.414699
44701 9 0 0.493966
45001 9 0 0.378742
45301 24 0 0.276677
45601 24 0 0.276677
