1 24 0 0.311545
301 5 0 0.298894
601 24 0 0.441885
901 24 0 0.311208
1201 24 0 0.352952
1501 24 0 0.261991
1801 24 0 0.376638
2101 24 0 0.376638
3901 9 0 0.262245
4201 24 0 0.277568
4501 9 0 0.599066
4801 9 0 0.707422
5101 9 0 0.629274
5401 24 0 0.299236
5701 9 0 0.763759
6001 9 0 0.839841
6301 9 0 0.599066
6901 9 0 0.707422
7201 9 0 0.934124
7501 9 0 0.431360
7801 24 0 0.386070
12001 24 0 0.246053
12301 20 0 0.188453
12601 4 0 0.364113
12901 5 0 0.972405
13201 5 0 0.919365
13801 5 0 0.825858
14101 24 0 0.328211
14401 23 0 0.412338
14701 24 0 0.654934
15001 23 0 0.808724
15601 24 0 0.356893
19501 23 0 0.720087
19801 24 0 0.356893
21901 23 0 0.597101
22201 24 0 0.408066
22501 24 0 0.296357
22801 23 0 0.878903
23101 24 0 0.356893
30301 23 0 0.878132
30601 22 0 0.310109
30901 14 0 0.394013
31201 14 0 0.720074
31501 14 0 0.974713
31801 14 0 0.203173
32101 17 0 0.277590
32401 14 0 0.674583
32701 14 0 0.811605
33001 14 0 0.674583
33301 14 0 0.811605
33601 14 0 0.587602
33901 12 0 0.206892
34201 17 0 0.275360
34501 11 0 0.233662
34801 14 0 0.180382
35401 14 0 0.263162
35701 14 0 0.180382
36001 14 0 0.190867
36301 14 0 0.244683
36601 12 0 0.217419
36901 12 0 0.187006
37201 24 0 0.270257
37501 12 0 0.231842
37801 22 0 0.179715
38101 22 0 0.510571
38401 22 0 0.510571
38701 22 0 0.455167
39001 22 0 0.455167
39301 22 0 0.502819
39601 24 0 0.528434
39901 15 0 0.153417
40201 24 0 0.230697
40501 10 0 0.412099
40801 14 0 0.170573
41101 14 0 0.280343
41701 14 0 0.971072
42001 12 0 0.247832
42301 24 0 0.343586
42601 24 0 0.313261
42901 22 0 0.380400
43501 24 0 0.355374
43801 24 0 0.191977
44101 22 0 0.605782
44401 22 0 0.605782
44701 24 0 0.355374
45001 24 0 0.347600
50101 22 0 0.584186
50401 22 0 0.512932
50701 23 0 0.228633
51001 1 0 0.407962
51301 23 0 0.490327
51601 24 0 0.415301
51901 24 0 0.404461
52201 24 0 0.527784
53101 23 0 0.347442
53401 23 0 0.862495
54001 23 0 0.743060
54301 23 0 0.365828
54901 23 0 0.377636
55501 23 0 0.743060
59401 23 0 0.377636
60001 23 0 0.922378
60301 24 0 0.379775
63901 22 0 0.331217
64201 24 0 0.530786
72301 23 0 0.346498
72601 10 0 0.695524
72901 10 0 0.906930
73201 10 0 0.879724
73501 10 0 0.857553
73801 10 0 0.977051
74101 10 0 0.943028
74401 10 0 0.731747
75001 10 0 0.823889
75301 5 0 0.541433
76801 5 0 0.422065
77101 5 0 0.367266
77401 14 0 0.389918
77701 5 0 0.721927
78001 5 0 0.978315
78301 5 0 0.856484
78601 5 0 0.859350
78901 5 0 0.638187
