1 5 0 0.847488
301 5 0 0.847488
601 5 0 0.586342
901 5 0 0.685348
1201 5 0 0.406959
1501 5 0 0.716651
1801 4 0 0.553641
2101 5 0 0.506500
2401 5 0 0.486442
2701 1 0 0.594767
3001 1 0 0.465966
3301 20 0 0.415232
3601 24 0 0.258929
3901 20 0 0.410008
4201 20 0 0.636012
4501 20 0 0.250237
4801 24 0 0.538255
5101 24 0 0.644336
5401 14 0 0.297448
5701 12 0 0.553304
6001 10 0 0.570283
6301 12 0 0.473647
6601 10 0 0.744284
6901 12 0 0.571704
7201 12 0 0.675130
7501 10 0 0.255254
7801 12 0 0.345672
8101 12 0 0.278112
8401 12 0 0.343837
8701 12 0 0.343837
9001 14 0 0.887185
9301 14 0 0.834359
9601 14 0 0.488811
9901 12 0 0.521926
10201 12 0 0.312779
10501 5 0 0.197839
10801 10 0 0.497830
11101 14 0 0.348309
11401 14 0 0.761585
11701 14 0 0.515508
12001 10 0 0.783426
12301 10 0 0.917838
12601 10 0 0.917838
12901 10 0 0.904693
13201 10 0 0.200888
13501 11 0 0.315724
13801 10 0 0.527660
14101 1 0 0.175714
14401 12 0 0.253652
14701 14 0 0.176346
15001 10 0 0.562595
15301 10 0 0.556408
15601 17 0 0.396056
15901 17 0 0.381175
16201 14 0 0.898419
16501 17 0 0.795354
16801 14 0 0.818821
17101 14 0 0.813335
17401 17 0 0.552306
17701 17 0 0.408510
18001 17 0 0.441406
18301 14 0 0.437225
18601 24 0 0.228097
18901 24 0 0.357424
19501 24 0 0.357424
19801 9 0 0.581217
20101 9 0 0.604579
20401 9 0 0.626698
20701 24 0 0.357424
21001 12 0 0.159108
21301 23 0 0.761535
21601 23 0 0.503721
22501 23 0 0.637169
22801 23 0 0.637169
23101 23 0 0.586939
24901 23 0 0.831507
25201 23 0 0.867265
25501 23 0 0.585379
25801 23 0 0.338366
26101 22 0 0.337447
