1 9 1 0.248510
301 9 1 0.263917
901 22 0 0.216002
1201 3 0 0.999990
1501 3 0 0.998637
1801 5 0 0.924260
2101 2 0 0.426761
2401 2 0 0.392087
3001 2 0 0.846147
3601 2 0 0.400514
5701 2 0 0.426761
6001 3 0 0.857458
6901 5 0 0.824157
7201 5 0 0.527515
7501 3 0 0.540950
7801 3 0 0.544359
8101 3 0 0.701741
8401 5 0 0.627184
8701 5 0 0.850800
9001 5 0 0.986556
9301 5 0 0.962560
9601 3 0 0.571317
9901 2 0 0.437037
10201 1 0 0.381111
10501 1 0 0.345539
10801 17 0 0.404563
11101 17 0 0.733928
11401 10 0 0.976388
11701 12 1 0.756688
12001 17 0 0.539545
12301 17 0 0.580702
12601 17 0 0.708992
12901 10 0 0.666695
13201 12 2 0.447671
13801 10 0 0.666695
14101 10 0 0.826932
14701 10 0 0.889019
15001 10 0 0.635616
15301 10 0 0.565979
15601 10 0 0.375094
15901 12 0 0.514377
16201 14 0 0.728516
16501 14 0 0.498534
16801 14 0 0.689928
17101 24 0 0.376744
17401 9 1 0.664283
17701 9 1 0.664283
18001 9 1 0.844582
18301 9 1 0.820580
18601 12 2 0.374455
18901 12 2 0.377175
20101 9 0 0.881565
20401 9 0 0.944040
21001 9 0 0.904027
21601 9 0 0.949373
21901 9 0 0.680427
22201 9 0 0.823150
22501 9 0 0.914120
22801 9 0 0.686374
23101 9 0 0.856386
23401 9 0 0.387867
23701 9 0 0.314796
24001 9 0 0.715174
24601 22 0 0.235471
24901 5 0 0.494632
25201 12 2 0.410006
25501 12 2 0.617945
25801 12 0 0.777229
26101 12 2 0.314464
26401 12 1 0.656254
26701 17 0 0.968624
27001 12 0 0.850871
27301 11 0 0.432278
27601 10 0 0.650258
27901 12 2 0.388407
28201 12 0 0.797081
28501 10 0 0.424654
28801 12 0 0.502322
29101 23 0 0.939000
29401 23 0 0.953723
29701 22 0 0.755103
30301 23 0 0.969606
31201 23 0 0.997946
31501 23 0 0.997907
31801 24 0 0.457414
32101 22 0 0.417313
32401 24 0 0.989982
32701 24 0 0.984857
33301 22 0 0.473812
33901 23 0 0.938138
34201 23 0 0.984630
34501 23 0 0.984630
34801 23 0 0.984630
35101 23 0 0.984630
35701 23 0 0.941417
36001 22 0 0.661113
36301 22 0 0.879129
36601 22 0 0.521811
36901 12 0 0.879412
37201 17 0 0.726320
37501 17 0 0.702443
37801 17 0 0.955660
38101 12 1 0.556407
38401 12 0 0.844372
38701 12 0 0.672395
39001 12 2 0.564567
39301 22 0 0.407555
39901 22 0 0.416217
40201 22 0 0.399906
40501 20 0 0.986525
40801 20 0 0.992182
41101 20 0 0.998959
41401 20 0 0.996644
41701 20 0 0.971441
42001 12 2 0.453915
42301 13 0 0.699985
42601 12 0 0.879732
42901 11 0 0.470617
43201 17 0 0.712734
43501 3 0 0.809730
43801 5 0 0.986330
44701 17 0 0.852383
45001 22 0 0.997994
45301 22 0 0.997581
47101 22 0 0.958947
47401 12 2 0.449333
47701 12 2 0.402421
