1 23 0 0.988811
1501 23 0 0.949372
1801 23 0 0.943775
2101 9 1 0.333983
2401 20 0 0.213280
2701 14 0 0.443874
3001 14 0 0.987124
3301 14 0 0.810171
3601 14 0 0.770870
4201 14 0 0.985035
4501 14 0 0.985035
4801 14 0 0.729669
5101 22 0 0.575955
5401 22 0 0.372607
5701 14 0 0.597280
6001 22 0 0.464574
6301 11 0 0.964245
6601 11 0 0.460170
6901 22 0 0.709522
7201 22 0 0.763949
7501 22 0 0.705610
7801 22 0 0.642506
8101 22 0 0.642506
9001 22 0 0.568379
9301 12 0 0.503309
9601 14 0 0.292414
9901 23 0 0.966980
10501 23 0 0.987065
10801 23 0 0.855779
11101 22 0 0.301203
11401 23 0 0.895680
11701 23 0 0.994400
12001 23 0 0.993249
12601 14 0 0.665215
12901 17 0 0.214594
13201 5 0 0.981989
13801 2 0 0.687357
14101 24 0 0.952773
14401 24 0 0.603894
