1 17 0 0.561726
301 14 0 0.993834
601 14 0 0.995290
901 17 0 0.650563
1201 17 0 0.925251
1501 17 0 0.740894
1801 17 0 0.868454
2101 17 0 0.999200
2401 17 0 0.996462
2701 14 0 0.956298
3001 14 0 0.754231
3301 17 0 0.503701
3601 12 1 0.574648
3901 10 0 0.519388
4201 10 0 0.955507
4501 10 0 0.992866
4801 10 0 0.953245
5101 10 0 0.960930
5401 10 0 0.519388
5701 10 0 0.953245
6001 10 0 0.989694
6301 10 0 0.918272
6601 10 0 0.918272
6901 10 0 0.666999
7201 10 0 0.953245
7501 10 0 0.977572
7801 10 0 0.991900
8101 10 0 0.519388
8401 10 0 0.666999
8701 12 2 0.737989
9001 12 2 0.715773
9301 17 0 0.857774
9601 12 2 0.473038
9901 14 0 0.990172
10201 14 0 0.888311
10501 12 2 0.679332
10801 2 0 0.596084
11101 3 0 0.988904
11401 3 0 0.651920
11701 9 0 0.538481
12001 12 2 0.693663
12301 22 0 0.996481
12601 22 0 0.996481
12901 22 0 0.991416
14101 22 0 0.994648
14401 22 0 0.994566
14701 23 0 0.582434
15001 23 0 0.405341
15301 9 0 0.555478
15601 12 2 0.643422
15901 12 2 0.739931
16201 23 0 0.582434
16501 12 2 0.447874
16801 12 2 0.759369
17101 12 2 0.703665
17401 12 2 0.874702
17701 12 2 0.863124
18001 12 0 0.767848
18301 12 2 0.547462
18601 5 0 0.993537
18901 3 0 0.808985
19201 12 2 0.716297
19501 12 2 0.784379
19801 5 0 0.925842
20101 10 0 0.859794
20401 10 0 0.981036
21001 10 0 0.839664
21301 10 0 0.895225
21601 10 0 0.981036
22201 10 0 0.962155
22501 10 0 0.981036
23101 10 0 0.694042
23401 5 0 0.691080
23701 10 0 0.535126
24001 10 0 0.978095
24301 10 0 0.917953
25201 10 0 0.882673
25501 10 0 0.596897
25801 10 0 0.943069
26101 10 0 0.943069
26401 10 0 0.865935
26701 5 0 0.781855
27001 12 2 0.618807
27301 12 2 0.650759
27601 22 0 0.946363
27901 22 0 0.999276
28201 22 0 0.995807
29101 22 0 0.999016
29401 24 0 0.635203
30001 22 0 0.995807
30901 22 0 0.999276
31201 12 2 0.541028
31501 22 0 0.837564
31801 12 2 0.762741
32101 11 0 0.547762
32401 14 0 0.602052
33001 17 0 0.997907
33301 14 0 0.814348
33601 17 0 0.843342
33901 14 0 0.780439
34201 23 0 0.995479
34501 23 0 0.990270
37801 23 0 0.941270
38101 23 0 0.941270
38701 23 0 0.546276
39001 3 0 0.853934
39301 3 0 0.998255
39601 3 0 0.900168
39901 3 0 0.904226
40201 3 0 0.778029
40501 4 0 0.359161
40801 4 0 0.359161
41101 5 0 0.919704
41401 5 0 0.851224
41701 5 0 0.713709
42001 22 0 0.601557
42301 12 2 0.765332
42601 11 0 0.743881
42901 10 0 0.759023
43201 10 0 0.882594
43501 10 0 0.940135
43801 10 0 0.983932
44101 10 0 0.817490
44401 10 0 0.944226
44701 5 0 0.904911
45301 12 0 0.829691
45601 12 1 0.562685
45901 12 1 0.625688
46501 12 1 0.783204
46801 15 0 0.759034
47101 12 2 0.813095
47401 12 2 0.802587
47701 12 2 0.813095
48301 12 2 0.813095
48601 24 0 0.863045
48901 24 0 0.997531
49201 24 0 0.866850
49801 24 0 0.870487
50101 24 0 0.870487
50401 24 0 0.988554
50701 24 0 0.998310
51001 22 0 0.353740
51301 5 0 0.888230
51601 5 0 0.592423
51901 12 2 0.651030
53101 24 0 0.977517
