1 1 0 0.515603
301 1 0 0.973099
601 1 0 0.974279
901 5 0 0.990484
1201 5 0 0.982249
1501 5 0 0.982249
1801 5 0 0.963844
2101 5 0 0.939404
2401 3 0 0.417198
2701 17 0 0.266851
3001 17 0 0.676771
3301 12 1 0.304385
3601 12 2 0.342791
3901 14 0 0.631977
4201 10 0 0.622510
4501 14 0 0.445263
4801 12 2 0.332433
5101 10 0 0.560858
5401 24 0 0.421257
5701 14 0 0.516251
6001 14 0 0.549890
6301 14 0 0.573748
6601 17 0 0.343407
6901 14 0 0.539399
7201 17 0 0.899845
7501 14 0 0.371592
7801 14 0 0.974487
8101 14 0 0.998560
8401 14 0 0.549205
8701 14 0 0.530169
9001 17 0 0.592435
9301 17 0 0.814299
9601 17 0 0.531325
9901 17 0 0.531325
10201 14 0 0.479370
10501 12 0 0.640900
10801 12 0 0.371354
11701 17 0 0.995348
12001 17 0 0.988339
12301 17 0 0.988339
12601 17 0 0.996614
12901 17 0 0.998235
13201 17 0 0.994590
13501 17 0 0.480319
13801 17 0 0.688072
14101 14 0 0.897219
14401 5 0 0.446637
14701 12 1 0.410055
15001 14 0 0.531625
15301 12 0 0.926178
15601 12 1 0.428468
15901 12 1 0.527574
16201 5 0 0.717689
16501 13 0 0.648842
16801 12 1 0.812223
17101 12 1 0.907931
17401 12 0 0.591522
17701 12 2 0.719530
18001 12 0 0.902835
18301 12 2 0.719530
18601 12 0 0.443183
18901 12 0 0.625684
19201 12 0 0.979481
19501 14 0 0.982796
19801 14 0 0.992471
20101 14 0 0.997581
20701 14 0 0.628922
21001 24 0 0.941966
21601 24 0 0.941966
22201 24 0 0.941966
22501 24 0 0.989055
22801 22 0 0.989892
23101 22 0 0.852997
23401 22 0 0.923205
23701 22 0 0.923205
24001 22 0 0.852997
24301 22 0 0.992976
25201 22 0 0.992976
25501 22 0 0.992976
26101 22 0 0.992976
26401 22 0 0.992976
28201 22 0 0.939125
28501 14 0 0.993842
28801 14 0 0.849411
29101 12 2 0.613520
29401 12 2 0.613520
29701 11 0 0.620829
30001 11 0 0.627069
30301 14 0 0.807716
30601 14 0 0.998178
30901 23 0 0.496785
31201 12 2 0.359934
31501 12 2 0.485254
31801 23 0 0.822851
32101 22 0 0.386505
32401 22 0 0.599066
32701 24 0 0.447301
33001 23 0 0.996650
33301 23 0 0.986622
34501 3 0 0.999688
34801 3 0 0.995345
35101 3 0 0.740902
35401 5 0 0.905417
35701 3 0 0.575542
36001 3 0 0.575542
36301 5 0 0.996281
36601 5 0 0.976623
36901 5 0 0.956695
37201 5 0 0.976582
37501 5 0 0.982922
37801 5 0 0.930984
38101 9 0 0.779258
38401 9 0 0.816296
38701 9 0 0.927768
39001 9 0 0.927768
39301 9 0 0.927768
39601 9 0 0.927768
39901 9 0 0.925611
40201 9 0 0.887978
40501 9 0 0.517722
40801 9 0 0.810289
41401 9 0 0.517722
41701 9 0 0.927768
42001 9 0 0.927768
42301 9 0 0.769076
42901 9 0 0.927768
43501 9 0 0.517722
43801 9 0 0.923475
44101 9 0 0.927768
44401 9 0 0.616208
44701 9 0 0.927768
45001 9 0 0.850877
45301 9 0 0.517722
45601 9 0 0.517722
