1 9 1 0.653979
301 4 0 0.990274
601 4 0 0.997511
1501 4 0 0.633211
3001 4 0 0.987711
3301 5 0 0.888285
3601 5 0 0.898919
3901 3 0 0.999626
4201 3 0 0.979893
5701 3 0 0.935986
6001 3 0 0.935986
6601 3 0 0.555165
6901 3 0 0.963612
7201 5 0 0.950335
7501 5 0 0.980629
7801 9 1 0.727454
8101 17 0 0.453116
8401 17 0 0.453116
8701 4 0 0.327945
9001 5 0 0.368112
9301 10 0 0.524631
9601 10 0 0.521779
9901 10 0 0.524631
10201 12 1 0.434093
10801 10 0 0.524631
11401 5 0 0.445251
11701 10 0 0.395905
12001 14 0 0.261871
12301 10 0 0.997396
12601 10 0 0.994373
12901 10 0 0.994373
13501 10 0 0.955134
13801 10 0 0.996546
14101 10 0 0.976358
14701 10 0 0.964319
15301 10 0 0.991632
15601 10 0 0.995487
15901 10 0 0.993031
16201 10 0 0.989680
16501 10 0 0.989680
16801 10 0 0.981965
17101 10 0 0.941481
17401 10 0 0.975534
17701 10 0 0.975878
18001 10 0 0.823141
18301 2 0 0.616563
18601 17 0 0.587066
18901 17 0 0.980846
19201 17 0 0.980846
19501 14 0 0.685274
19801 14 0 0.794177
20101 14 0 0.954325
20401 9 1 0.715768
20701 10 0 0.943528
21001 10 0 0.725788
21301 5 0 0.433736
21601 5 0 0.884419
22201 2 0 0.817109
22501 2 0 0.921248
22801 13 0 0.407330
23101 14 0 0.472061
23701 14 0 0.249115
24001 12 0 0.353365
24301 13 0 0.649199
24601 13 0 0.952030
24901 13 0 0.944949
25201 14 0 0.565056
25501 14 0 0.850332
25801 13 0 0.571408
26101 14 0 0.946959
26401 14 0 0.520094
26701 10 0 0.800219
27001 11 0 0.629694
27301 10 0 0.431569
27601 13 0 0.684053
27901 10 0 0.647477
28201 10 0 0.978874
28501 10 0 0.887380
28801 10 0 0.893131
29101 2 0 0.337247
29401 14 0 0.422742
29701 12 0 0.951601
30001 12 0 0.492718
30301 10 0 0.955855
30601 22 0 0.533506
31501 22 0 0.278002
31801 22 0 0.324633
32101 22 0 0.324633
32401 22 0 0.545690
32701 22 0 0.598655
33001 23 0 0.880879
33601 23 0 0.914561
33901 23 0 0.915657
34501 23 0 0.871758
39001 23 0 0.950137
39301 13 0 0.728791
39601 2 0 0.682198
39901 2 0 0.662239
40201 22 0 0.461106
40501 9 0 0.753795
40801 9 0 0.912532
41101 9 0 0.937538
41401 9 0 0.705001
42001 9 0 0.788857
42301 9 1 0.566675
42601 24 0 0.948694
42901 24 0 0.948694
43201 24 0 0.948694
44101 22 0 0.458993
44701 24 0 0.958065
45001 22 0 0.304204
56701 22 0 0.841822
57001 22 0 0.845141
63601 22 0 0.803161
63901 2 0 0.817383
64201 2 0 0.653252
64501 4 0 0.327721
64801 2 0 0.844988
65101 4 0 0.364356
66901 4 0 0.505665
67801 5 0 0.958145
68101 9 0 0.987559
68401 9 0 0.972108
68701 9 0 0.989794
69001 9 0 0.923659
69301 9 0 0.965164
69601 9 0 0.457664
69901 9 0 0.634930
70201 9 0 0.639269
