1 9 1 0.388542
301 9 1 0.369220
601 2 0 0.309767
901 9 1 0.350962
1501 22 0 0.249516
1801 2 0 0.309767
2101 23 0 0.403841
2401 23 0 0.364625
2701 24 0 0.820864
3001 24 0 0.943442
3301 24 0 0.943442
3901 23 0 0.382894
4201 9 0 0.239253
4501 23 0 0.304368
4801 23 0 0.353716
5101 3 0 0.416197
5401 4 0 0.476509
6001 4 0 0.476509
6901 4 0 0.631855
7201 4 0 0.441778
7501 3 0 0.584785
7801 5 0 0.959362
8101 3 0 0.945712
8401 3 0 0.995161
8701 3 0 0.646419
9001 5 0 0.923870
9301 5 0 0.566817
9601 5 0 0.903918
10201 5 0 0.978159
10501 2 0 0.365576
10801 22 0 0.327555
11101 22 0 0.629616
11401 9 1 0.305758
12001 22 0 0.645985
12301 22 0 0.980035
12601 22 0 0.963319
13501 22 0 0.992063
13801 22 0 0.998844
14101 23 0 0.998095
14401 23 0 0.926109
14701 23 0 0.991694
15001 23 0 0.991694
16501 23 0 0.992831
16801 23 0 0.945532
18001 23 0 0.991429
19501 23 0 0.991429
19801 23 0 0.909785
24001 23 0 0.988999
24301 23 0 0.929403
27901 22 0 0.870478
28201 22 0 0.181306
28501 17 0 0.733985
28801 14 0 0.420267
29101 17 0 0.821171
29401 14 0 0.876057
29701 14 0 0.447871
30001 22 0 0.640336
30301 14 0 0.901113
30601 14 0 0.957061
30901 22 0 0.246817
31201 14 0 0.761140
31501 9 0 0.342794
31801 14 0 0.963676
32101 15 0 0.332591
32401 14 0 0.300008
32701 14 0 0.806296
33001 14 0 0.587196
33301 3 0 0.241164
33901 10 0 0.666964
34201 5 0 0.633414
34501 10 0 0.666964
39001 14 0 0.387534
39301 5 0 0.652027
39601 10 0 0.488382
39901 14 0 0.572263
40201 10 0 0.574032
40501 14 0 0.400663
40801 9 0 0.496282
41101 9 0 0.693372
41701 17 0 0.285370
42001 17 0 0.592898
42301 17 0 0.885289
42601 17 0 0.969559
42901 23 0 0.991786
43201 23 0 0.945532
44101 23 0 0.927875
44401 22 0 0.437943
44701 23 0 0.650533
45001 23 0 0.568925
45301 23 0 0.365409
45601 22 0 0.413826
45901 23 0 0.996780
46201 23 0 0.991786
46501 22 0 0.327623
46801 23 0 0.991786
47101 23 0 0.945532
