1 3 0 0.991404
301 3 0 0.999793
601 1 0 0.608469
1201 5 0 0.673900
1501 5 0 0.873345
1801 5 0 0.955261
2101 5 0 0.899363
2401 2 0 0.985912
2701 22 0 0.837493
5401 23 0 0.539260
5701 23 0 0.931020
6901 23 0 0.983038
7201 23 0 0.931020
9001 10 0 0.990738
9301 10 0 0.976157
9601 10 0 0.933088
9901 10 0 0.696897
10201 10 0 0.996183
10801 10 0 0.938427
11101 14 0 0.982812
11401 14 0 0.926482
11701 14 0 0.464647
12301 23 0 0.473936
13201 23 0 0.473936
13801 1 0 0.523310
14101 14 0 0.383305
14401 14 0 0.784978
14701 14 0 0.338689
15001 17 0 0.721583
15301 2 0 0.333575
15601 11 0 0.604739
15901 11 0 0.381327
16201 14 0 0.798769
16501 14 0 0.674253
17101 12 0 0.498239
17401 13 0 0.520153
17701 12 0 0.649342
18001 20 0 0.987480
18301 1 0 0.588293
18601 2 0 0.571079
18901 1 0 0.506388
19201 20 0 0.222826
19501 22 0 0.294767
19801 13 1 0.415493
20101 14 0 0.831378
20401 14 0 0.488242
20701 17 0 0.789614
21001 17 0 0.990320
21301 23 0 0.474864
21601 14 0 0.430185
21901 14 0 0.594826
22201 14 0 0.646467
23101 14 0 0.799544
23401 14 0 0.789591
23701 14 0 0.789591
24001 22 0 0.926850
24301 14 0 0.672177
24601 12 0 0.349176
24901 1 0 0.399351
