1 3 0 0.999191
301 3 0 0.999191
601 3 0 0.982563
1801 3 0 0.592842
2101 3 0 0.882848
2401 5 0 0.973798
2701 2 0 0.693944
3001 2 0 0.656088
3601 2 0 0.697225
3901 2 0 0.697225
4201 2 0 0.693944
4801 1 0 0.530166
5101 5 0 0.833043
5401 2 0 0.564985
5701 2 0 0.998814
6001 2 0 0.389363
6301 2 0 0.994063
6601 5 0 0.990439
6901 5 0 0.995689
7201 5 0 0.833043
7501 2 0 0.547265
7801 1 0 0.263738
8101 20 0 0.406647
8401 20 0 0.931309
8701 20 0 0.942401
10201 20 0 0.736289
10501 20 0 0.736289
10801 20 0 0.811703
12001 20 0 0.936427
12301 10 0 0.358979
12601 5 0 0.468983
12901 5 0 0.952777
13201 5 0 0.961844
13501 10 0 0.609501
13801 15 0 0.459241
14101 5 0 0.905489
14401 1 0 0.246253
14701 1 0 0.269047
15001 17 0 0.278915
15301 17 0 0.370142
15601 10 0 0.364311
15901 17 0 0.316721
16201 10 0 0.708252
16501 17 0 0.614520
16801 14 0 0.829456
17101 12 0 0.460107
17401 14 0 0.712358
17701 15 0 0.211483
18301 14 0 0.878485
18601 10 0 0.469131
18901 10 0 0.914220
19201 10 0 0.869882
19501 10 0 0.407401
19801 10 0 0.407401
20101 17 0 0.661023
20401 14 0 0.916983
20701 10 0 0.771050
21001 10 0 0.771050
21301 10 0 0.818325
21601 10 0 0.720260
21901 10 0 0.818325
22201 10 0 0.818325
22501 10 0 0.818325
22801 10 0 0.820922
23101 10 0 0.818325
23701 10 0 0.457364
24001 10 0 0.818325
24301 10 0 0.457364
24601 10 0 0.457364
24901 10 0 0.898773
25201 10 0 0.818325
25501 10 0 0.818325
25801 10 0 0.818325
26101 10 0 0.898773
26401 10 0 0.927331
26701 13 0 0.401796
27001 14 0 0.481074
27601 14 0 0.735551
27901 22 0 0.309082
28201 15 0 0.341980
28501 12 0 0.317859
28801 12 0 0.409019
29101 12 0 0.781880
29401 5 0 0.654413
29701 12 0 0.401999
30001 14 0 0.456486
30301 12 0 0.361621
30601 13 0 0.691423
30901 13 0 0.533385
31201 13 0 0.349872
33001 12 0 0.817227
33301 12 0 0.965331
33601 12 0 0.902103
33901 12 0 0.902103
34201 12 0 0.862056
34501 12 0 0.950943
34801 12 1 0.667839
35101 12 0 0.473242
35401 17 0 0.288149
35701 22 0 0.390900
36001 22 0 0.656308
36301 22 0 0.871128
36601 22 0 0.575345
36901 10 0 0.618942
37201 17 0 0.450638
37501 13 0 0.315172
37801 17 0 0.268905
38101 10 0 0.434486
38401 10 0 0.577307
39001 14 0 0.951439
39301 17 0 0.318854
39601 10 0 0.359320
39901 13 0 0.903883
40201 14 0 0.467419
40501 13 0 0.956086
40801 9 0 0.260940
41101 12 0 0.901954
41401 12 0 0.961459
41701 12 0 0.979793
42001 12 0 0.721760
42301 12 0 0.837289
42601 10 0 0.846042
42901 10 0 0.954451
43201 10 0 0.995934
43501 11 0 0.485247
45001 10 0 0.995934
45301 11 0 0.705084
45601 10 0 0.728874
45901 13 0 0.986141
46201 2 0 0.361439
46501 13 0 0.780449
46801 22 0 0.234645
47101 22 0 0.256060
47401 9 1 0.597521
47701 9 0 0.877131
48001 13 0 0.837746
48301 9 0 0.719904
48601 9 0 0.502658
48901 9 0 0.444962
49501 9 0 0.708793
49801 9 0 0.502658
50101 9 0 0.743581
50401 2 0 0.600890
50701 9 0 0.941497
51001 9 0 0.985063
51301 9 0 0.847984
51601 9 0 0.847984
51901 9 0 0.982017
52501 9 0 0.793414
52801 9 0 0.793414
53101 9 0 0.963282
53401 9 0 0.793414
53701 1 0 0.458010
54001 1 0 0.444643
56101 1 0 0.444643
57901 1 0 0.444643
58201 9 0 0.400745
60001 9 0 0.927408
60301 9 0 0.859804
60601 9 0 0.992925
60901 9 0 0.993788
61201 9 0 0.828228
61501 9 0 0.759452
61801 9 0 0.400745
62101 9 0 0.689498
62401 9 0 0.951348
62701 9 0 0.921436
63001 9 0 0.895070
63301 1 0 0.686160
63601 1 0 0.602437
63901 1 0 0.565816
65401 1 0 0.459385
65701 9 0 0.719862
66001 1 0 0.344588
66301 9 0 0.269563
66601 9 0 0.369892
66901 22 0 0.600365
67501 22 0 0.425287
67801 20 0 0.488454
68101 20 0 0.648804
68401 22 0 0.994876
68701 22 0 0.795091
69001 22 0 0.999202
70501 22 0 0.999202
70801 22 0 0.752640
72001 22 0 0.983199
72601 24 0 0.940710
72901 22 0 0.999711
73201 22 0 0.999711
73501 23 0 0.989510
73801 23 0 0.992285
75901 23 0 0.989064
76201 22 0 0.609405
77401 9 1 0.417171
77701 1 0 0.543382
78001 1 0 0.521070
78301 2 0 0.828882
78601 2 0 0.785579
78901 1 0 0.387207
79201 1 0 0.353776
79501 1 0 0.413554
79801 22 0 0.275806
80101 1 0 0.279981
80401 14 0 0.973070
80701 12 0 0.449977
81001 12 0 0.936745
81301 12 0 0.872376
81601 20 0 0.268985
81901 22 0 0.275806
82201 22 0 0.256544
82501 22 0 0.256544
82801 22 0 0.369456
83101 22 0 0.291609
83401 22 0 0.369456
83701 22 0 0.269206
84001 22 0 0.732991
84301 22 0 0.759106
84601 22 0 0.936116
85201 22 0 0.752385
