1 9 0 0.196840
301 1 0 0.319970
601 9 1 0.443645
901 9 0 0.257237
1201 22 0 0.135235
1501 9 0 0.402783
1801 9 0 0.188486
2101 22 0 0.199772
3901 9 0 0.710870
4201 9 0 0.675444
4501 9 0 0.984179
4801 9 0 0.992172
5101 9 0 0.956281
5401 9 0 0.401283
5701 9 0 0.992341
6001 9 0 0.996117
6301 9 0 0.984179
6901 9 0 0.992172
7201 9 0 0.996642
7501 9 0 0.734327
7801 22 0 0.253929
12001 22 0 0.394380
12301 20 0 0.279385
12601 1 0 0.512477
12901 5 0 0.994326
13201 5 0 0.930436
13801 5 0 0.739685
14101 9 1 0.796999
14401 9 1 0.901557
14701 24 0 0.479202
15001 23 0 0.978376
15601 23 0 0.873387
19501 23 0 0.971168
19801 23 0 0.868311
21901 23 0 0.618499
22201 22 0 0.215815
22501 9 1 0.360515
22801 23 0 0.888988
23101 23 0 0.868311
30301 23 0 0.897999
30601 22 0 0.403878
30901 14 0 0.612346
31201 14 0 0.693881
31501 14 0 0.998595
31801 14 0 0.403261
32101 17 0 0.940091
32401 14 0 0.539100
32701 14 0 0.944070
33001 14 0 0.539100
33301 14 0 0.944070
33601 14 0 0.502610
33901 17 0 0.387836
34201 17 0 0.434541
34501 13 0 0.484338
34801 12 2 0.508309
35401 17 0 0.376565
35701 12 2 0.508309
36001 17 0 0.490039
36301 12 2 0.468448
36601 17 0 0.756078
36901 17 0 0.396484
37201 12 0 0.857674
37501 15 0 0.374591
37801 17 0 0.581992
38101 22 0 0.910938
38401 22 0 0.910938
38701 22 0 0.872013
39001 22 0 0.872013
39301 22 0 0.791949
39601 24 0 0.511834
39901 17 0 0.815452
40201 17 0 0.384894
40501 10 0 0.633669
40801 17 0 0.578689
41101 12 2 0.296796
41701 14 0 0.999733
42001 12 0 0.623725
42301 15 0 0.872406
42601 15 0 0.540632
42901 22 0 0.429421
43501 24 0 0.442839
43801 15 0 0.346288
44101 22 0 0.910682
44401 22 0 0.910682
44701 24 0 0.442839
45001 15 0 0.434230
50101 22 0 0.845592
50401 22 0 0.764223
50701 9 1 0.767487
51001 22 0 0.461317
51301 9 1 0.717599
51601 9 1 0.781638
51901 9 1 0.659412
52201 9 1 0.502059
53101 9 1 0.752818
53401 23 0 0.957860
54001 23 0 0.970470
54301 23 0 0.861441
54901 23 0 0.544952
55501 23 0 0.970470
59401 23 0 0.544952
60001 23 0 0.938675
60301 22 0 0.797286
63901 22 0 0.754235
64201 22 0 0.794354
72301 22 0 0.409401
72601 10 0 0.978706
72901 10 0 0.952522
73201 10 0 0.924441
73501 10 0 0.852383
73801 10 0 0.988611
74101 10 0 0.952947
74401 10 0 0.738399
75001 10 0 0.878807
75301 10 0 0.776919
76801 5 0 0.447412
77101 10 0 0.424841
77401 10 0 0.476819
77701 5 0 0.889333
78001 5 0 0.992175
78301 5 0 0.915742
78601 5 0 0.857812
78901 2 0 0.515526
