1 23 0 0.888902
301 23 0 0.999348
3301 23 0 0.997717
3601 9 0 0.595153
3901 9 0 0.478867
4201 9 0 0.478867
4801 24 0 0.316960
5101 9 0 0.558266
5701 9 0 0.561905
6301 9 0 0.452253
6601 9 0 0.452253
6901 9 0 0.452253
7201 9 0 0.452253
7501 9 0 0.452253
8401 9 0 0.452253
8701 22 0 0.863542
9001 22 0 0.877911
9301 9 0 0.525307
10501 9 0 0.629549
10801 9 0 0.629549
11401 22 0 0.958561
11701 24 0 0.630007
12001 24 0 0.820987
12301 24 0 0.862165
12601 9 0 0.701401
12901 24 0 0.874247
13201 24 0 0.874247
13501 24 0 0.874247
14401 9 0 0.747247
14701 23 0 0.696906
15001 22 0 0.751765
15301 23 0 0.656106
15601 24 0 0.524927
15901 24 0 0.524927
17101 22 0 0.816233
17401 9 1 0.255525
17701 22 0 0.233012
18001 9 1 0.243710
18301 20 0 0.985587
18601 20 0 0.923149
18901 20 0 0.932368
19201 20 0 0.886786
20401 9 0 0.863097
20701 9 0 0.977768
21001 9 0 0.968969
21301 9 0 0.883458
21601 9 0 0.605261
21901 9 0 0.985725
22201 9 0 0.811928
22501 9 0 0.977768
23101 9 0 0.977768
23401 14 0 0.607891
23701 14 0 0.979109
24001 22 0 0.587400
24301 14 0 0.941311
24601 17 0 0.860450
24901 17 0 0.534996
25201 14 0 0.588562
25501 14 0 0.701559
25801 1 0 0.211514
26101 14 0 0.364518
26401 14 0 0.497147
26701 17 0 0.967611
27001 17 0 0.992109
27301 17 0 0.997692
27601 17 0 0.919166
27901 17 0 0.771525
28201 5 0 0.518534
28501 5 0 0.772819
28801 1 0 0.205757
29101 14 0 0.797635
29401 14 0 0.307999
29701 12 0 0.981775
30001 14 0 0.443972
30301 14 0 0.482271
30601 14 0 0.644032
30901 14 0 0.756597
31201 14 0 0.819265
31501 14 0 0.999018
31801 14 0 0.998905
32101 5 0 0.867878
32401 5 0 0.970086
32701 5 0 0.920199
33001 5 0 0.906767
33301 9 0 0.612029
34201 5 0 0.994875
34501 1 0 0.621995
34801 3 0 0.742158
35101 3 0 0.999587
35401 3 0 0.999587
35701 1 0 0.685469
36301 2 0 0.560349
36601 5 0 0.678007
36901 5 0 0.861442
37201 9 0 0.687963
37501 2 0 0.350806
37801 1 0 0.981732
38101 1 0 0.985349
