1 23 0 0.339846
301 12 1 0.360797
601 5 0 0.592986
901 12 1 0.755187
1201 12 1 0.896618
1501 9 0 0.541511
1801 10 0 0.759285
2101 10 0 0.857225
2401 10 0 0.922026
2701 10 0 0.975765
3001 10 0 0.975765
3301 10 0 0.981123
3601 10 0 0.861220
3901 10 0 0.931771
4201 10 0 0.995923
4501 10 0 0.983862
4801 10 0 0.996537
5101 10 0 0.998279
5401 10 0 0.988599
5701 10 0 0.892351
6001 10 0 0.850286
6301 10 0 0.969572
6601 10 0 0.740570
6901 10 0 0.967935
7201 10 0 0.859647
7501 10 0 0.970050
7801 10 0 0.994935
8101 10 0 0.988867
8401 10 0 0.935399
8701 5 0 0.694918
9001 10 0 0.990855
9301 10 0 0.981027
9601 10 0 0.912738
9901 10 0 0.989363
10201 10 0 0.998031
10501 10 0 0.911498
10801 10 0 0.991830
11101 10 0 0.965065
11401 10 0 0.995852
12001 10 0 0.862433
12301 5 0 0.608959
12601 5 0 0.780092
12901 10 0 0.517360
13201 5 0 0.561521
13501 10 0 0.683855
13801 5 0 0.863506
14101 5 0 0.863506
14401 10 0 0.754488
14701 10 0 0.963409
15001 10 0 0.782671
15301 13 0 0.277364
15601 12 2 0.358530
16201 12 2 0.469769
16501 10 0 0.685418
16801 13 0 0.337838
17101 13 0 0.736303
17401 1 0 0.230724
17701 24 0 0.537864
18001 12 2 0.491404
18301 24 0 0.580778
18601 24 0 0.869863
18901 12 1 0.375926
19201 12 1 0.491281
19501 12 0 0.254444
19801 12 2 0.598751
20101 13 0 0.694913
20401 12 2 0.586106
20701 5 0 0.880969
21001 5 0 0.780840
21301 5 0 0.825348
21601 13 0 0.450452
21901 13 0 0.705152
22201 13 0 0.756103
22501 12 1 0.567468
22801 13 0 0.370127
23101 13 0 0.596962
23401 12 1 0.465053
23701 12 2 0.624925
24001 24 0 0.462675
24301 23 0 0.417828
24601 20 0 0.647195
24901 20 0 0.479910
25201 20 0 0.541217
25501 23 0 0.529510
25801 23 0 0.893680
26101 23 0 0.500281
26401 20 0 0.619015
26701 20 0 0.776292
27001 20 0 0.767951
27301 20 0 0.706819
27601 20 0 0.889661
27901 20 0 0.970686
28201 20 0 0.712053
28501 20 0 0.929857
28801 20 0 0.981722
29101 12 2 0.548337
29401 17 0 0.888731
29701 17 0 0.649782
30001 12 2 0.473044
30301 17 0 0.761683
30601 12 1 0.455556
30901 12 1 0.389629
31201 13 0 0.401377
31501 17 0 0.886828
31801 13 0 0.738725
32101 13 0 0.937812
32401 13 0 0.953399
32701 13 0 0.960447
33001 13 0 0.829783
33301 14 0 0.892379
33601 23 0 0.686680
33901 22 0 0.550794
34201 22 0 0.550794
34501 22 0 0.980440
34801 23 0 0.463136
35101 23 0 0.605676
35401 23 0 0.605676
35701 23 0 0.907065
36001 23 0 0.958987
36301 23 0 0.958987
36601 22 0 0.703906
36901 22 0 0.939397
37201 23 0 0.365793
37501 22 0 0.852649
37801 22 0 0.830660
38101 22 0 0.618263
38401 23 0 0.701827
38701 22 0 0.376491
39001 22 0 0.998885
39301 22 0 0.921328
39601 22 0 0.921328
39901 22 0 0.932040
40201 22 0 0.932040
40501 22 0 0.565657
40801 22 0 0.996109
41101 22 0 0.776207
41401 22 0 0.932040
41701 22 0 0.565657
42001 22 0 0.652014
42301 22 0 0.776207
42601 22 0 0.977465
42901 22 0 0.994691
43201 24 0 0.976615
43501 24 0 0.989279
43801 9 0 0.618557
44101 9 0 0.396431
44401 24 0 0.380592
44701 10 0 0.488120
45001 9 0 0.355447
45301 24 0 0.449773
45901 9 0 0.362696
46201 9 0 0.362696
46501 12 2 0.382077
47101 9 0 0.362696
47401 9 0 0.362696
47701 9 0 0.362696
48001 9 0 0.362696
48301 9 0 0.362696
48901 9 0 0.857396
49201 9 0 0.987021
49501 9 0 0.997005
49801 9 0 0.915663
50101 9 0 0.998261
50401 9 0 0.915625
51001 9 0 0.909352
51301 12 2 0.359184
51601 22 0 0.745907
51901 22 0 0.523912
52201 24 0 0.511300
52501 24 0 0.505670
