1 3 0 0.747541
301 3 0 0.998984
601 3 0 0.999995
901 3 0 0.979106
2101 3 0 0.746588
2401 3 0 0.662050
2701 3 0 0.984796
3001 5 0 0.505030
3301 1 0 0.866857
3601 5 0 0.653601
3901 5 0 0.874521
4201 5 0 0.802659
4501 5 0 0.662029
4801 2 0 0.987682
5101 14 0 0.805527
5401 12 0 0.658034
5701 17 0 0.917003
6001 12 0 0.815913
6301 12 0 0.545354
6601 14 0 0.873821
6901 10 0 0.857162
7201 10 0 0.980184
7501 10 0 0.978391
7801 10 0 0.678777
8101 14 0 0.731326
8401 14 0 0.509124
8701 12 0 0.964055
9001 14 0 0.800893
9301 14 0 0.628848
9601 14 0 0.989471
9901 14 0 0.864301
10201 14 0 0.628935
10501 17 0 0.507643
10801 14 0 0.937264
11101 17 0 0.910483
11401 17 0 0.613903
11701 17 0 0.423013
12001 17 0 0.409093
12301 14 0 0.491646
12901 17 0 0.409093
13201 14 0 0.686407
13501 17 0 0.987349
13801 17 0 0.997321
14401 17 0 0.814878
14701 14 0 0.303168
15001 20 0 0.922898
15301 20 0 0.884198
15601 20 0 0.913297
15901 20 0 0.987483
16201 20 0 0.972128
16501 20 0 0.994415
16801 20 0 0.972128
17101 20 0 0.997935
17401 20 0 0.995383
17701 20 0 0.535062
18001 20 0 0.532181
18301 10 0 0.895784
18601 10 0 0.956850
18901 10 0 0.659287
19201 10 0 0.464928
19501 24 0 0.356587
19801 24 0 0.475725
20101 22 0 0.993822
20401 22 0 0.993330
21301 22 0 0.997929
21601 22 0 0.968930
21901 22 0 0.890307
22201 22 0 0.890307
22501 22 0 0.890307
22801 22 0 0.968930
23101 24 0 0.601333
23401 24 0 0.458714
23701 9 0 0.493545
24001 9 0 0.980744
24301 9 0 0.646330
24601 9 0 0.761831
