1 1 0 0.601370
301 23 0 0.505013
601 23 0 0.423344
1501 22 0 0.443942
1801 22 0 0.855012
2701 22 0 0.627811
3001 22 0 0.910522
3301 22 0 0.999764
3601 22 0 0.963941
3901 22 0 0.957100
4201 24 0 0.981878
5101 24 0 0.981878
5401 24 0 0.908113
5701 22 0 0.882180
6301 22 0 0.965436
6601 22 0 0.729528
6901 10 0 0.688551
7201 9 0 0.628676
7501 20 0 0.991519
7801 20 0 0.838217
8101 20 0 0.993539
8401 20 0 0.951027
8701 20 0 0.918423
9001 20 0 0.991733
9901 20 0 0.992530
10201 20 0 0.730189
10501 20 0 0.832120
10801 20 0 0.919856
11101 20 0 0.913145
11401 20 0 0.991807
11701 20 0 0.991964
12001 20 0 0.905208
12301 20 0 0.918423
12901 20 0 0.918423
13501 22 0 0.218382
13801 22 0 0.401102
14101 14 0 0.586725
14401 14 0 0.479680
14701 23 0 0.515499
15001 22 0 0.372075
16201 22 0 0.850067
16801 24 0 0.849904
17101 24 0 0.425792
17401 22 0 0.722359
17701 22 0 0.739086
18001 22 0 0.433774
18301 22 0 0.433774
18601 22 0 0.489930
18901 23 0 0.982286
19201 22 0 0.489930
23401 22 0 0.446779
23701 22 0 0.446779
24001 22 0 0.373105
24301 12 0 0.304925
24601 10 0 0.579307
24901 17 0 0.620793
25201 12 2 0.311937
25501 17 0 0.578363
25801 14 0 0.378855
26101 14 0 0.822721
26401 22 0 0.218382
26701 1 0 0.310769
27001 22 0 0.218382
28801 22 0 0.227231
29101 22 0 0.253350
29401 9 0 0.823666
29701 9 0 0.709225
30001 9 0 0.709225
30301 9 0 0.584484
30901 9 0 0.709225
31201 9 0 0.597330
31801 9 0 0.986659
32401 9 0 0.975781
32701 9 0 0.947546
33001 9 0 0.703406
33301 9 0 0.703406
33601 9 0 0.662373
33901 9 0 0.313194
35701 1 0 0.585725
36001 1 0 0.321382
36301 22 0 0.360468
36601 1 0 0.909801
36901 1 0 0.939275
37201 3 0 0.999740
37501 1 0 0.545433
37801 1 0 0.545433
38101 1 0 0.545433
38401 4 0 0.442389
38701 4 0 0.442389
39001 4 0 0.442389
39601 4 0 0.442389
39901 1 0 0.726804
40201 1 0 0.726804
40501 3 0 0.874485
40801 5 0 0.657620
41401 5 0 0.695924
41701 1 0 0.660510
42001 1 0 0.752144
42301 1 0 0.752144
43201 5 0 0.542898
43501 1 0 0.922998
43801 1 0 0.545433
44101 5 0 0.698242
44401 5 0 0.657620
44701 5 0 0.657620
45001 5 0 0.657620
45301 10 0 0.716371
45601 1 0 0.528460
45901 1 0 0.496996
46201 2 0 0.383372
46501 1 0 0.803274
46801 1 0 0.726804
47101 1 0 0.726804
47401 1 0 0.726804
47701 1 0 0.726804
48301 1 0 0.726804
48601 1 0 0.726804
48901 1 0 0.726804
49201 1 0 0.726804
49501 1 0 0.726804
50701 1 0 0.808291
51001 24 0 0.248074
51301 22 0 0.440354
51601 22 0 0.501602
51901 22 0 0.440354
52201 9 0 0.551110
52501 9 0 0.676560
52801 9 0 0.840354
53101 9 0 0.587714
53401 9 0 0.721532
53701 9 0 0.293771
54301 22 0 0.507853
54901 22 0 0.690451
55201 22 0 0.690451
56101 22 0 0.365894
56401 22 0 0.365894
56701 9 0 0.396032
57001 9 0 0.420715
57301 9 0 0.598444
57601 9 0 0.857466
57901 9 0 0.962445
58201 9 0 0.906671
58501 9 0 0.906671
58801 9 0 0.940205
59101 9 0 0.955192
59401 9 0 0.993770
59701 9 0 0.993770
60001 9 0 0.993770
60301 9 0 0.993770
60601 9 0 0.984793
60901 9 0 0.995241
61201 9 0 0.829885
61801 9 0 0.928977
62101 9 0 0.959742
62401 24 0 0.910616
62701 24 0 0.947610
63001 24 0 0.947610
63301 24 0 0.910616
63601 24 0 0.910616
63901 22 0 0.281086
64201 22 0 0.282300
64801 22 0 0.236644
65701 24 0 0.523401
66001 13 0 0.496816
66301 23 0 0.231173
66601 10 0 0.708217
66901 14 0 0.850487
67201 14 0 0.984084
67501 17 0 0.944207
67801 17 0 0.999536
68101 17 0 0.999606
68401 17 0 0.946147
68701 17 0 0.999447
69001 17 0 0.991935
69301 14 0 0.858159
69601 22 0 0.380775
69901 23 0 0.807511
70201 22 0 0.991759
70501 23 0 0.546264
70801 22 0 0.976086
71101 22 0 0.976086
71401 22 0 0.873220
72301 22 0 0.976086
72601 23 0 0.346626
72901 10 0 0.600672
73201 10 0 0.441974
74101 24 0 0.242708
74401 10 0 0.600672
74701 24 0 0.267515
75001 10 0 0.600672
75301 10 0 0.441974
75601 24 0 0.242708
76201 24 0 0.242708
76501 17 0 0.392531
76801 10 0 0.213034
78001 10 0 0.304353
78301 10 0 0.570708
78601 10 0 0.731341
78901 17 0 0.392531
79201 17 0 0.392531
80101 17 0 0.392531
80701 22 0 0.317170
81001 22 0 0.680099
81601 22 0 0.516795
81901 22 0 0.516795
82201 22 0 0.516795
82801 22 0 0.317170
83101 17 0 0.392531
83401 22 0 0.317170
83701 22 0 0.516795
84001 22 0 0.516795
84901 17 0 0.392531
85501 22 0 0.317170
85801 22 0 0.317170
86101 22 0 0.317170
86401 22 0 0.317170
