1 17 0 0.891692
301 9 0 0.351537
601 17 0 0.704136
901 17 0 0.951021
1501 17 0 0.704136
1801 9 0 0.345263
2101 9 0 0.345263
2401 9 0 0.351537
2701 17 0 0.805210
3001 17 0 0.805210
3601 17 0 0.805210
3901 12 1 0.419442
4201 12 1 0.419442
4501 10 0 0.478514
4801 17 0 0.704136
5101 12 1 0.506515
5401 12 0 0.831947
5701 12 0 0.905079
6001 11 0 0.644774
6301 13 0 0.373451
6601 22 0 0.339275
6901 22 0 0.334187
7201 12 2 0.294225
7501 22 0 0.294568
7801 22 0 0.334187
8101 9 0 0.376534
8401 22 0 0.962288
9901 22 0 0.987556
10501 23 0 0.397327
11701 22 0 0.987556
12301 22 0 0.987556
12601 22 0 0.396230
15001 22 0 0.987556
15301 23 0 0.397327
17101 22 0 0.996816
17401 23 0 0.397327
19801 23 0 0.982730
27001 23 0 0.957298
27901 24 0 0.977508
30601 22 0 0.969635
30901 22 0 0.994638
31201 22 0 0.987556
31501 2 0 0.405824
31801 2 0 0.973820
32101 2 0 0.973820
32401 2 0 0.984042
32701 2 0 0.981966
33001 2 0 0.981966
33301 2 0 0.973820
33601 2 0 0.981966
34201 2 0 0.973820
34501 2 0 0.973820
34801 2 0 0.926005
35101 2 0 0.968418
35401 2 0 0.939013
36001 2 0 0.973820
36301 5 0 0.856885
36601 5 0 0.991618
37201 5 0 0.925463
37501 5 0 0.938549
37801 5 0 0.938549
38101 1 0 0.383583
38401 5 0 0.587661
38701 5 0 0.929400
39001 5 0 0.938549
39301 5 0 0.938549
39601 5 0 0.938549
40501 2 0 0.490212
41701 5 0 0.897519
42001 3 0 0.558740
42301 1 0 0.384477
42601 5 0 0.886615
43201 1 0 0.370151
43501 1 0 0.370151
44101 5 0 0.886615
44401 5 0 0.886615
44701 5 0 0.938549
45001 5 0 0.938549
45601 1 0 0.687944
45901 1 0 0.978843
