1 2 0 0.250229
601 3 0 0.531178
901 3 0 0.517845
1201 3 0 0.999987
1501 3 0 0.517845
1801 3 0 0.517845
2101 3 0 0.763835
2401 3 0 0.766219
2701 3 0 0.997827
3001 3 0 0.998973
3301 2 0 0.990467
3601 2 0 0.858708
3901 1 0 0.462308
4201 5 0 0.986193
4801 5 0 0.928798
5101 5 0 0.958939
5401 2 0 0.957623
5701 2 0 0.370468
6001 9 0 0.262951
6301 9 0 0.634031
6601 9 0 0.838905
7201 23 0 0.264585
9301 23 0 0.539448
9601 9 0 0.390927
9901 5 0 0.495346
10201 5 0 0.569336
11101 5 0 0.569336
11401 9 1 0.289264
11701 9 1 0.707729
12001 9 1 0.707729
12301 9 1 0.289264
12901 9 1 0.275106
13201 9 1 0.387238
13501 9 0 0.307256
13801 9 0 0.409332
14101 9 0 0.621603
14401 9 1 0.546427
14701 9 1 0.707729
15001 22 0 0.275615
15601 9 1 0.843476
15901 9 1 0.293773
16201 2 0 0.389901
16501 5 0 0.613346
16801 10 0 0.802284
17101 14 0 0.350371
17401 10 0 0.613522
17701 5 0 0.531378
18001 10 0 0.509329
18301 10 0 0.621614
19201 5 0 0.883350
19501 5 0 0.920837
19801 13 1 0.213570
20101 1 0 0.280432
20401 24 0 0.365835
20701 17 0 0.283524
21001 17 0 0.986910
21301 17 0 0.875152
21601 17 0 0.989671
21901 5 0 0.378579
22201 14 0 0.390616
22501 13 0 0.398457
22801 14 0 0.391213
23101 17 0 0.853132
23401 12 1 0.415536
23701 17 0 0.868414
24001 17 0 0.774399
24301 22 0 0.996385
24601 22 0 0.400112
24901 23 0 0.602174
25201 23 0 0.602174
25501 22 0 0.806107
25801 23 0 0.509989
26401 9 0 0.410318
26701 22 0 0.670481
27001 22 0 0.454604
27301 23 0 0.498433
27601 23 0 0.642211
27901 24 0 0.323310
28201 22 0 0.999877
28501 22 0 0.882920
29101 23 0 0.596187
29701 23 0 0.460268
30001 23 0 0.924438
31201 23 0 0.984924
31501 23 0 0.603142
31801 23 0 0.924438
32101 23 0 0.603142
32701 22 0 0.984068
33001 12 0 0.976992
33601 12 2 0.489681
33901 10 0 0.788262
