1 1 0 0.510276
301 14 0 0.938387
601 17 0 0.668931
901 1 0 0.431528
1201 17 0 0.584810
1501 17 0 0.310858
1801 17 0 0.687631
2101 17 0 0.932521
2701 17 0 0.968024
3001 17 0 0.838405
3301 17 0 0.944206
3601 17 0 0.915919
3901 17 0 0.654520
4201 17 0 0.249980
5401 11 0 0.263069
6001 11 0 0.255476
6301 22 0 0.318696
9601 10 0 0.617146
9901 10 0 0.934010
10201 10 0 0.613149
10501 10 0 0.654563
10801 17 0 0.461761
11101 22 0 0.574802
11401 9 0 0.148726
12001 1 0 0.629877
12301 1 0 0.830978
12601 5 0 0.924998
12901 2 0 0.451234
13201 1 0 0.728884
13501 1 0 0.870621
13801 1 0 0.870621
14401 1 0 0.864231
14701 1 0 0.420543
15901 1 0 0.448935
16201 5 0 0.755213
16501 3 0 0.816431
16801 3 0 0.816431
17101 3 0 0.943962
17401 2 0 0.462764
17701 2 0 0.777981
18001 9 0 0.149517
18601 9 1 0.193048
18901 14 0 0.156353
19201 9 0 0.149517
19501 14 0 0.207514
19801 14 0 0.207514
20101 14 0 0.207514
20401 23 0 0.971355
20701 23 0 0.882357
21001 22 0 0.991270
21301 24 0 0.966013
21601 24 0 0.680581
21901 24 0 0.724478
22501 22 0 0.783603
22801 23 0 0.705299
23701 23 0 0.938882
25801 23 0 0.994206
26101 15 0 0.524731
26401 22 0 0.920084
26701 14 0 0.361814
27001 22 0 0.585220
27301 24 0 0.722919
27601 15 0 0.300508
28201 22 0 0.607471
