1 5 0 0.855758
301 5 0 0.855758
601 3 0 0.607430
901 3 0 0.546891
1201 3 0 0.477922
1501 4 0 0.591271
1801 4 0 0.853523
2101 5 0 0.252169
2401 2 0 0.442514
2701 1 0 0.914359
3001 1 0 0.628517
3301 20 0 0.987298
3601 20 0 0.892487
3901 20 0 0.987185
4201 20 0 0.988642
4501 14 0 0.593412
4801 24 0 0.717986
5101 24 0 0.564419
5401 14 0 0.591735
5701 12 0 0.539001
6001 12 0 0.377109
6301 12 1 0.607624
6601 10 0 0.825659
6901 12 0 0.482933
7201 12 0 0.577549
7501 14 0 0.559569
7801 14 0 0.852570
8101 14 0 0.917836
8401 14 0 0.887921
8701 14 0 0.887921
9001 14 0 0.707526
9301 14 0 0.974404
9601 14 0 0.650051
9901 12 0 0.850812
10201 12 0 0.708824
10501 12 1 0.622932
10801 12 1 0.967335
11101 13 0 0.478096
11401 14 0 0.705704
11701 14 0 0.971376
12001 10 0 0.924592
12301 10 0 0.971202
12601 10 0 0.971202
12901 10 0 0.981089
13201 12 1 0.832962
13501 12 1 0.835337
13801 12 1 0.686812
14101 13 1 0.408002
14401 17 0 0.496656
14701 12 2 0.507999
15001 10 0 0.527879
15301 17 0 0.399191
15601 14 0 0.695151
15901 14 0 0.685974
16201 17 0 0.519237
16501 17 0 0.731949
16801 14 0 0.560435
17101 14 0 0.834497
17401 17 0 0.512061
17701 17 0 0.986350
18001 17 0 0.981213
18301 12 2 0.459539
18601 12 2 0.408076
18901 9 0 0.225908
19501 12 2 0.463605
19801 9 0 0.866024
20101 9 0 0.976028
20401 9 0 0.977536
20701 12 2 0.463605
21001 12 2 0.451683
21301 23 0 0.759467
21601 23 0 0.772414
22501 23 0 0.511610
22801 23 0 0.511610
23101 22 0 0.500018
24901 23 0 0.914713
25201 23 0 0.931483
25501 22 0 0.674070
25801 22 0 0.912037
26101 22 0 0.904016
