1 9 0 0.492919
301 9 0 0.998042
901 9 0 0.997095
1201 9 0 0.995443
1501 9 0 0.991600
1801 9 0 0.973332
2101 9 0 0.794240
2701 9 0 0.929779
3001 9 0 0.948615
3301 9 0 0.995444
3601 9 0 0.478538
3901 22 0 0.406970
4201 22 0 0.870893
4801 22 0 0.406970
5401 22 0 0.806345
5701 22 0 0.950526
6301 22 0 0.995490
6901 22 0 0.995490
10201 22 0 0.420553
10501 23 0 0.981846
11701 23 0 0.982946
12001 23 0 0.922094
15301 1 0 0.628157
15601 3 0 0.740295
15901 3 0 0.875305
16201 3 0 0.885979
16501 3 0 0.719800
16801 1 0 0.526507
17101 5 0 0.610881
17401 5 0 0.610881
18001 5 0 0.539970
18301 1 0 0.381600
18901 5 0 0.823068
19201 2 0 0.857220
19501 3 0 0.917515
19801 3 0 0.999939
20101 3 0 0.997348
20401 2 0 0.710039
21601 2 0 0.554863
24001 3 0 0.997712
24301 3 0 0.999927
24601 5 0 0.853136
24901 5 0 0.887252
25201 2 0 0.993829
25501 12 0 0.218849
25801 12 0 0.617322
26401 14 0 0.884015
27001 17 0 0.366340
27301 15 0 0.426466
27601 12 0 0.927181
27901 12 0 0.661468
28201 12 0 0.943624
28501 12 2 0.255613
28801 12 0 0.993280
29101 13 0 0.815104
29401 13 0 0.729754
29701 13 0 0.638920
30301 12 0 0.612305
30601 13 0 0.486846
30901 24 0 0.507243
31201 24 0 0.984032
33601 22 0 0.316621
33901 1 0 0.509169
34201 1 0 0.556193
34501 1 0 0.968506
34801 1 0 0.968506
35101 1 0 0.968506
35401 1 0 0.957777
35701 1 0 0.642628
36301 24 0 0.338199
36601 9 0 0.943631
37201 13 0 0.759238
37501 17 0 0.937157
37801 17 0 0.988014
38401 17 0 0.995581
38701 13 0 0.722239
39001 13 0 0.849703
39301 13 0 0.695483
39601 13 0 0.909635
39901 12 2 0.255190
40201 22 0 0.272464
40501 9 1 0.455294
40801 9 1 0.447487
41101 9 1 0.447487
41401 9 1 0.447487
41701 9 1 0.447487
42001 9 1 0.447487
42601 22 0 0.370621
42901 22 0 0.370621
43201 9 1 0.447487
43501 9 1 0.447487
43801 9 1 0.447487
