1 5 0 0.603013
301 5 0 0.869435
601 3 0 0.970459
901 1 0 0.413737
1201 5 0 0.637795
1801 1 0 0.643640
2101 1 0 0.643640
2701 1 0 0.531260
3001 1 0 0.417063
3301 3 0 0.524161
3601 5 0 0.381325
3901 5 0 0.887236
4201 3 0 0.450136
4501 3 0 0.450136
4801 3 0 0.489573
5101 5 0 0.904406
6001 5 0 0.821786
6901 1 0 0.639776
7201 1 0 0.558971
7501 5 0 0.890814
7801 5 0 0.913579
8101 1 0 0.189581
9601 5 0 0.460306
9901 1 0 0.757934
10201 5 0 0.258834
10501 5 0 0.677308
10801 1 0 0.504742
11101 1 0 0.504742
11701 1 0 0.973942
12001 1 0 0.973942
12301 1 0 0.876933
12601 1 0 0.794318
13501 1 0 0.950701
13801 1 0 0.804387
14101 1 0 0.743828
14401 1 0 0.863122
14701 1 0 0.800529
15301 1 0 0.804806
15901 1 0 0.731587
16201 1 0 0.981385
16501 1 0 0.989717
16801 1 0 0.987821
17101 2 0 0.361169
17401 22 0 0.327963
17701 10 0 0.710971
18001 5 0 0.732444
18301 14 0 0.856431
18901 5 0 0.799420
19201 12 0 0.351511
19501 17 0 0.566466
19801 14 0 0.766469
20101 14 0 0.675531
20401 14 0 0.608788
20701 13 0 0.272040
21001 14 0 0.397994
21301 23 0 0.327239
21901 23 0 0.327239
22201 23 0 0.619628
23401 10 0 0.485911
23701 10 0 0.473700
24001 5 0 0.726774
24301 1 0 0.466789
24601 14 0 0.342714
24901 14 0 0.433875
25201 12 0 0.625677
25501 12 0 0.625677
25801 12 0 0.570577
26101 14 0 0.447466
26701 12 0 0.625677
27001 12 0 0.706056
27301 11 0 0.462580
27601 11 0 0.433320
27901 11 0 0.667998
28201 22 0 0.999987
28501 11 0 0.698053
28801 22 0 0.412442
29101 22 0 0.999793
29401 22 0 0.999972
29701 22 0 0.999971
30001 22 0 0.999971
30301 22 0 0.999859
30601 22 0 0.999293
30901 22 0 0.999859
31201 22 0 0.999971
32701 22 0 0.999981
33001 22 0 0.999981
34501 22 0 0.999982
34801 22 0 0.999859
37201 22 0 0.999972
37501 22 0 0.994551
37801 22 0 0.999972
38101 22 0 0.997663
38401 22 0 0.980966
38701 22 0 0.923883
39001 22 0 0.996846
39901 22 0 0.908787
40201 22 0 0.718967
40501 22 0 0.674262
40801 22 0 0.830882
41101 22 0 0.890769
41401 14 0 0.443760
41701 23 0 0.611055
42001 23 0 0.536801
42301 22 0 0.681139
42901 22 0 0.465358
43501 23 0 0.959780
45901 23 0 0.986624
46201 24 0 0.342367
46501 1 0 0.525117
46801 9 0 0.219252
