1 23 0 0.977476
301 23 0 0.900138
2101 17 0 0.419867
2401 14 0 0.419627
2701 14 0 0.305250
3001 14 0 0.784015
3301 10 0 0.986959
3601 10 0 0.983529
3901 10 0 0.980531
4201 10 0 0.990612
4501 10 0 0.930442
5101 10 0 0.875713
5401 10 0 0.950924
5701 10 0 0.891532
6001 14 0 0.651284
6301 14 0 0.508920
6901 11 0 0.802565
7201 17 0 0.729795
7501 17 0 0.821622
7801 17 0 0.848173
8101 17 0 0.614846
8401 10 0 0.878039
8701 10 0 0.991812
9001 10 0 0.790041
9301 10 0 0.813782
9601 14 0 0.428710
9901 10 0 0.401639
10201 10 0 0.932844
10501 10 0 0.856015
10801 10 0 0.877967
11101 5 0 0.851917
11401 10 0 0.991638
11701 10 0 0.935010
12001 10 0 0.935010
12301 10 0 0.935010
12601 10 0 0.935010
12901 10 0 0.935010
13201 10 0 0.982343
13501 10 0 0.980154
13801 10 0 0.980154
14101 10 0 0.983078
14401 10 0 0.980154
14701 10 0 0.797705
15001 14 0 0.541481
15301 17 0 0.903049
15601 17 0 0.550241
15901 17 0 0.540832
16201 12 1 0.368039
16501 10 0 0.931921
16801 14 0 0.906614
17101 10 0 0.437780
17701 10 0 0.954345
18001 10 0 0.893684
18301 10 0 0.893684
18601 10 0 0.935010
18901 10 0 0.801339
19201 12 0 0.316469
19501 13 0 0.698670
19801 10 0 0.502522
20101 17 0 0.999248
20401 14 0 0.857250
20701 10 0 0.819489
21001 13 0 0.803804
21301 13 0 0.861215
21601 10 0 0.975750
21901 10 0 0.769176
22201 13 0 0.740033
22501 17 0 0.931976
22801 17 0 0.931976
23101 17 0 0.653478
23401 10 0 0.902504
23701 14 0 0.587993
24001 17 0 0.874148
24301 10 0 0.922661
24601 10 0 0.980154
25501 10 0 0.994068
25801 10 0 0.980154
26101 10 0 0.784587
26401 17 0 0.585764
26701 12 2 0.247202
27301 22 0 0.258490
27901 12 2 0.347791
28201 12 2 0.338585
28501 12 2 0.245985
28801 12 2 0.245985
29401 10 0 0.948837
29701 10 0 0.894609
30001 10 0 0.876642
30301 10 0 0.903289
30601 17 0 0.592455
30901 17 0 0.653478
31201 17 0 0.887166
31501 17 0 0.592455
31801 17 0 0.792789
32101 17 0 0.952760
32401 10 0 0.510520
32701 10 0 0.959421
33001 17 0 0.865843
33301 17 0 0.952629
33601 17 0 0.999706
33901 17 0 0.995691
34201 13 0 0.906343
34501 13 0 0.932466
34801 17 0 0.995518
35101 10 0 0.562543
35401 14 0 0.581842
35701 13 0 0.556372
36001 13 0 0.391633
36301 11 0 0.475865
36601 17 0 0.647839
36901 17 0 0.647839
37201 17 0 0.764435
37501 17 0 0.764435
37801 17 0 0.647839
38101 17 0 0.892980
38401 17 0 0.647839
39901 17 0 0.730975
40201 17 0 0.730975
40501 17 0 0.730975
40801 17 0 0.730975
41101 17 0 0.647839
41401 17 0 0.647839
41701 17 0 0.647839
42001 17 0 0.647839
42301 17 0 0.647839
42901 17 0 0.647839
43201 17 0 0.647839
43801 17 0 0.880989
44101 11 0 0.803757
45001 10 0 0.927101
45301 10 0 0.980154
45601 10 0 0.964251
45901 12 2 0.341474
46201 17 0 0.337569
46501 22 0 0.575529
46801 22 0 0.605800
47101 22 0 0.432329
47401 22 0 0.227600
