1 2 0 0.540703
76 2 0 0.409653
151 2 0 0.409653
226 3 0 0.892433
301 3 0 0.892433
451 3 0 0.423176
526 3 0 0.892433
601 3 0 0.785897
676 1 0 0.423465
826 1 0 0.452789
976 1 0 0.423465
1426 1 0 0.452789
1501 2 0 0.405577
1576 2 0 0.405577
1651 1 0 0.423465
1951 5 0 0.493617
2026 5 0 0.528175
2101 3 0 0.423176
2176 5 0 0.528175
2251 5 0 0.859057
2326 5 0 0.724367
2476 5 0 0.874684
2551 24 0 0.305490
2626 24 0 0.305490
2701 24 0 0.346716
3001 2 0 0.633098
3076 2 0 0.390778
3751 2 0 0.626339
3826 4 0 0.511701
3901 2 0 0.366817
3976 2 0 0.366817
4051 2 0 0.626339
4126 2 0 0.390778
4726 2 0 0.390778
4801 1 0 0.390923
4951 5 0 0.383262
5026 5 0 0.265666
5101 24 0 0.294792
5176 5 0 0.924383
5251 5 0 0.944175
5326 5 0 0.944175
5401 5 0 0.925611
5476 2 0 0.537763
5551 24 0 0.351921
5626 2 0 0.390778
5701 2 0 0.390778
5776 2 0 0.626339
5851 2 0 0.526531
5926 2 0 0.537763
6001 24 0 0.305490
6376 24 0 0.259900
6451 24 0 0.305490
6526 2 0 0.537763
6601 2 0 0.526531
6676 5 0 0.850849
6751 5 0 0.973043
6826 5 0 0.916448
6976 5 0 0.966848
7126 5 0 0.885364
7201 5 0 0.907061
7351 5 0 0.833890
7426 24 0 0.259900
7651 4 0 0.476326
7726 4 0 0.476326
7801 24 0 0.294792
7876 24 0 0.347905
8176 24 0 0.443603
8251 24 0 0.408917
8476 24 0 0.356351
8551 24 0 0.417091
8626 24 0 0.385204
9001 24 0 0.322941
9076 24 0 0.385204
