1 1 0 0.319078
151 24 0 0.460680
226 14 0 0.531725
301 14 0 0.353338
376 14 0 0.862903
451 14 0 0.398336
526 14 0 0.676899
601 14 0 0.445393
676 14 0 0.719915
751 24 0 0.370169
826 14 0 0.978973
901 14 0 0.587676
976 14 0 0.475318
1051 14 0 0.346317
1126 14 0 0.563396
1201 24 0 0.310541
1276 14 0 0.456172
1351 24 0 0.294733
1426 24 0 0.559606
1501 24 0 0.388652
1576 24 0 0.247200
1651 17 0 0.298223
2101 17 0 0.413329
2176 24 0 0.309444
2251 14 0 0.492166
2401 14 0 0.528251
2476 17 0 0.505604
2551 17 0 0.228031
2626 17 0 0.415287
2701 24 0 0.386022
2776 14 0 0.707372
2851 14 0 0.524491
3151 14 0 0.475337
3301 14 0 0.435090
3376 14 0 0.442338
3451 24 0 0.324601
3526 24 0 0.308051
3601 24 0 0.308051
3676 24 0 0.260548
3751 24 0 0.402511
3826 15 0 0.190225
3901 5 0 0.831665
3976 5 0 0.731579
4051 5 0 0.569829
4201 5 0 0.438246
4276 5 0 0.476638
4351 5 0 0.740529
4426 10 0 0.664196
4501 10 0 0.664196
4576 5 0 0.569829
4726 10 0 0.614766
4801 10 0 0.614766
4876 5 0 0.569829
4951 10 0 0.614766
5026 10 0 0.614766
5101 10 0 0.403912
5176 5 0 0.378938
5251 10 0 0.403912
5326 10 0 0.614766
5401 5 0 0.569829
5476 5 0 0.569829
5551 5 0 0.569829
5701 5 0 0.569829
5776 5 0 0.678756
5851 5 0 0.678756
5926 10 0 0.614766
6001 10 0 0.614766
6076 10 0 0.301108
6151 10 0 0.301108
6226 10 0 0.625527
6301 10 0 0.625527
6376 10 0 0.625527
6451 10 0 0.625527
6526 10 0 0.664196
6601 10 0 0.441685
6676 24 0 0.321558
6751 5 0 0.569829
6826 5 0 0.569829
6901 5 0 0.591728
6976 5 0 0.591728
7051 10 0 0.282103
7126 5 0 0.591728
7201 5 0 0.569829
7276 5 0 0.569829
7351 5 0 0.533760
7426 10 0 0.580999
7501 10 0 0.363978
7576 10 0 0.521282
7651 24 0 0.351674
7726 10 0 0.645225
7801 24 0 0.321558
7876 10 0 0.431115
7951 10 0 0.447050
8026 10 0 0.614766
8101 5 0 0.569829
8251 5 0 0.569829
8401 5 0 0.569829
8626 5 0 0.591728
8701 24 0 0.283545
8776 14 0 0.173048
8851 24 0 0.337595
8926 14 0 0.225463
9001 10 0 0.298977
9301 14 0 0.250856
9376 17 0 0.461832
9451 17 0 0.764608
9526 14 0 0.192581
9601 24 0 0.332043
9676 24 0 0.276300
9751 14 0 0.566517
9826 14 0 0.339045
9901 14 0 0.546538
9976 14 0 0.844185
10051 14 0 0.939423
10126 14 0 0.849193
10201 14 0 0.708164
10276 14 0 0.480104
10351 24 0 0.340119
10426 14 0 0.381071
10501 24 0 0.418746
10576 1 0 0.347717
10651 1 0 0.347717
10726 1 0 0.347717
10801 1 0 0.384471
10876 14 0 0.498636
10951 14 0 0.646798
11026 24 0 0.323171
11101 24 0 0.308678
11176 3 0 0.765525
11251 3 0 0.765525
11326 3 0 0.765525
11401 5 0 0.674657
11476 5 0 0.704776
11551 24 0 0.449465
11701 24 0 0.443764
11776 24 0 0.449465
11851 24 0 0.329875
12001 24 0 0.311126
12076 24 0 0.266929
12151 14 0 0.231433
12226 24 0 0.372137
12301 22 0 0.410754
12376 22 0 0.939519
12451 22 0 0.873223
12526 22 0 0.921016
12601 22 0 0.921016
12826 22 0 0.813816
14026 22 0 0.891462
14101 22 0 0.891462
14551 14 0 0.291291
14626 14 0 0.249567
14701 24 0 0.287162
14851 24 0 0.247402
14926 24 0 0.307737
15001 24 0 0.403601
15076 24 0 0.247402
15151 23 0 0.244602
15301 24 0 0.222973
15376 24 0 0.234464
15451 14 0 0.480104
15526 14 0 0.519978
15601 1 0 0.250431
15751 24 0 0.287162
15826 24 0 0.287162
15901 24 0 0.276938
15976 24 0 0.287162
16051 24 0 0.488676
16201 24 0 0.247402
16276 24 0 0.307737
16351 24 0 0.468549
16426 24 0 0.247402
16501 24 0 0.247402
16576 22 0 0.341341
16651 14 0 0.300805
16726 14 0 0.401655
16801 24 0 0.604763
16876 24 0 0.320936
16951 15 0 0.497359
17026 22 0 0.272219
17101 22 0 0.333184
17176 24 0 0.528887
17401 24 0 0.419764
17476 24 0 0.319604
17551 24 0 0.319604
17626 24 0 0.307809
17701 24 0 0.255761
17776 15 0 0.193437
17851 24 0 0.307987
17926 24 0 0.528887
18001 22 0 0.220159
18076 22 0 0.220805
18151 24 0 0.160079
18226 24 0 0.417968
18301 22 0 0.410288
18376 22 0 0.463523
18451 1 0 0.255864
18526 5 0 0.572726
18601 5 0 0.572726
18826 5 0 0.726214
18901 5 0 0.678215
18976 5 0 0.283291
19201 5 0 0.554121
19276 24 0 0.292742
19351 24 0 0.349291
19426 24 0 0.266929
19501 14 0 0.235680
19576 1 0 0.174499
19651 5 0 0.323731
19726 5 0 0.323731
19876 5 0 0.808748
19951 5 0 0.902100
20026 5 0 0.596063
20101 5 0 0.542034
20176 10 0 0.554458
20401 10 0 0.872425
20476 10 0 0.544569
20551 10 0 0.506495
20626 10 0 0.683017
20701 10 0 0.599567
20776 10 0 0.559955
20851 10 0 0.544569
20926 10 0 0.633239
21001 10 0 0.559955
21151 10 0 0.559955
21226 10 0 0.683017
21301 10 0 0.683017
21526 10 0 0.633239
21601 10 0 0.544569
21676 11 0 0.254142
21751 10 0 0.506495
21826 10 0 0.872425
21976 10 0 0.559955
22126 10 0 0.641263
22201 24 0 0.206161
22276 10 0 0.641263
22351 10 0 0.650744
22426 10 0 0.693328
22501 10 0 0.693328
22576 24 0 0.181631
22651 10 0 0.506495
22726 10 0 0.559955
22801 10 0 0.559955
22876 10 0 0.506495
22951 10 0 0.559955
23026 10 0 0.534452
23101 10 0 0.539132
23176 5 0 0.583978
23251 10 0 0.388929
23326 5 0 0.484674
23476 5 0 0.562028
23551 5 0 0.562028
23626 5 0 0.562028
23701 10 0 0.627431
23776 10 0 0.559955
23851 10 0 0.483209
23926 10 0 0.483209
24001 10 0 0.559955
24076 10 0 0.554458
24151 10 0 0.554458
24226 10 0 0.559955
24301 10 0 0.559955
24376 10 0 0.641263
24451 10 0 0.641263
24526 10 0 0.506495
24601 10 0 0.506495
24676 10 0 0.559955
24751 10 0 0.559955
24826 10 0 0.641263
24901 10 0 0.559955
24976 5 0 0.741622
25051 10 0 0.559955
25126 10 0 0.559955
25201 10 0 0.641263
25276 10 0 0.424665
25351 5 0 0.543840
25426 5 0 0.543840
25501 5 0 0.543840
25651 10 0 0.424665
25801 1 0 0.215514
25876 10 0 0.414579
25951 10 0 0.419465
26026 10 0 0.677369
26101 10 0 0.677369
26176 10 0 0.641263
26251 10 0 0.641263
26476 10 0 0.424665
26626 10 0 0.424665
26701 5 0 0.880372
26776 5 0 0.326353
26851 5 0 0.340862
26926 5 0 0.211088
27001 22 0 0.415155
27076 22 0 0.551252
27151 22 0 0.405329
27226 1 0 0.227010
27301 22 0 0.200124
27376 22 0 0.561831
27451 22 0 0.637383
27526 24 0 0.349843
27601 22 0 0.627787
27676 22 0 0.796631
27751 22 0 0.653116
27901 22 0 0.594462
28051 22 0 0.875193
29026 22 0 0.938264
29101 22 0 0.938264
29176 22 0 0.875193
29251 24 0 0.575312
30001 22 0 0.875193
30076 22 0 0.875193
30526 22 0 0.938264
30601 22 0 0.938264
30901 22 0 0.967327
30976 22 0 0.967157
31051 22 0 0.967157
31126 24 0 0.468549
31501 22 0 0.607427
31651 22 0 0.607427
31726 22 0 0.594462
31801 22 0 0.479562
31876 24 0 0.294401
31951 24 0 0.251347
32026 24 0 0.341526
32101 10 0 0.338481
32176 11 0 0.263898
32251 24 0 0.354373
32326 24 0 0.354373
32401 17 0 0.347518
32476 24 0 0.288280
32851 24 0 0.288280
32926 24 0 0.265851
33001 17 0 0.560577
33076 17 0 0.678316
33151 14 0 0.474324
33226 14 0 0.318904
33301 14 0 0.280146
33376 14 0 0.863460
33451 17 0 0.606771
33526 17 0 0.745853
33601 17 0 0.437516
33676 17 0 0.205373
33751 17 0 0.689732
33826 14 0 0.705494
33901 14 0 0.966856
33976 24 0 0.256039
34051 24 0 0.364872
34126 14 0 0.263789
34201 24 0 0.480369
34276 23 0 0.396254
34351 23 0 0.847845
34426 23 0 0.527694
34576 23 0 0.847845
34651 23 0 0.527694
35326 23 0 0.527694
35401 23 0 0.527694
37801 23 0 0.527694
37951 23 0 0.527694
38776 23 0 0.556233
38851 24 0 0.310767
38926 24 0 0.379655
39001 5 0 0.436220
39076 5 0 0.365219
39151 1 0 0.344164
39226 3 0 0.359039
39301 3 0 0.862169
39376 3 0 0.862169
39451 3 0 0.862169
39526 3 0 0.359039
39601 3 0 0.359039
39751 3 0 0.315143
39826 3 0 0.315143
39901 3 0 0.351776
39976 3 0 0.359039
40051 3 0 0.359039
40201 5 0 0.631623
40276 5 0 0.537154
40351 5 0 0.537154
40426 5 0 0.816914
40651 5 0 0.576104
40726 1 0 0.236438
40801 1 0 0.236438
40876 1 0 0.236438
40951 1 0 0.236438
41026 5 0 0.576104
41101 5 0 0.816914
41251 5 0 0.927474
41326 5 0 0.806956
41626 5 0 0.816914
41776 5 0 0.698384
41851 24 0 0.264148
41926 24 0 0.447302
42151 24 0 0.437656
42226 24 0 0.467044
42376 24 0 0.470336
42451 14 0 0.190700
42526 24 0 0.242653
42601 10 0 0.338481
42676 1 0 0.268145
42751 10 0 0.261277
42826 10 0 0.338481
42901 11 0 0.336802
43126 10 0 0.521986
43201 10 0 0.521986
43276 10 0 0.506495
43426 10 0 0.451908
43501 10 0 0.832276
43576 10 0 0.553841
43726 10 0 0.282268
43801 10 0 0.623567
43876 10 0 0.575746
43951 10 0 0.399909
44026 5 0 0.543840
44101 10 0 0.399909
44176 10 0 0.363975
44401 10 0 0.363975
44476 10 0 0.575746
44551 5 0 0.555289
44626 5 0 0.652950
44701 5 0 0.887577
44776 5 0 0.369228
44926 5 0 0.308464
45226 5 0 0.749154
45301 5 0 0.614316
45376 24 0 0.304277
45451 24 0 0.304277
45526 24 0 0.301819
45601 5 0 0.643489
45676 5 0 0.308464
45751 24 0 0.200913
45826 24 0 0.332043
45976 24 0 0.332043
46126 24 0 0.332043
46276 24 0 0.332043
46351 24 0 0.332043
46426 24 0 0.402764
46726 24 0 0.390096
46801 10 0 0.384927
46876 5 0 0.548015
46951 5 0 0.606536
47026 5 0 0.350578
47101 24 0 0.370169
47176 24 0 0.332043
47326 24 0 0.332043
47401 24 0 0.332043
47476 24 0 0.332043
47551 24 0 0.332043
47626 24 0 0.332043
47701 24 0 0.402764
47776 24 0 0.332043
47926 24 0 0.402764
48076 24 0 0.332043
48226 24 0 0.332043
48301 24 0 0.332043
48376 24 0 0.332043
48451 24 0 0.332043
48526 24 0 0.385009
48601 24 0 0.275887
48676 24 0 0.882196
48751 24 0 0.875412
48826 24 0 0.880002
48901 24 0 0.919875
48976 24 0 0.907814
49051 24 0 0.421644
49201 24 0 0.582663
49276 24 0 0.650870
49351 24 0 0.898874
49426 24 0 0.857999
49576 24 0 0.582663
49651 24 0 0.582663
49876 24 0 0.657726
50026 24 0 0.919430
50251 24 0 0.723154
50326 24 0 0.929217
50401 24 0 0.929217
50476 24 0 0.929217
50551 24 0 0.929217
50926 24 0 0.694964
51001 24 0 0.580127
51151 5 0 0.457547
51226 5 0 0.649612
51301 5 0 0.633434
51376 5 0 0.449523
51526 5 0 0.449523
51601 5 0 0.457547
51676 1 0 0.253132
51751 1 0 0.369532
51826 1 0 0.301843
52426 1 0 0.372364
52501 1 0 0.301843
52651 1 0 0.301843
52726 1 0 0.301843
52801 1 0 0.301843
52876 1 0 0.301843
53176 1 0 0.352739
53251 24 0 0.734613
53326 24 0 0.644936
53401 24 0 0.734613
53476 1 0 0.352739
53551 24 0 0.644936
53626 24 0 0.734613
53701 1 0 0.301843
