1 24 0 0.444768
151 24 0 0.363363
226 24 0 0.358167
301 24 0 0.270692
376 24 0 0.195560
451 24 0 0.257321
526 9 0 0.321022
601 24 0 0.229169
676 9 0 0.606764
751 9 0 0.499684
826 9 0 0.407632
901 22 0 0.215673
976 9 0 0.269535
1051 22 0 0.197438
1126 9 0 0.511597
1201 9 0 0.667889
1276 9 0 0.593180
1351 9 0 0.661665
1426 9 0 0.667889
1501 9 0 0.511597
1576 22 0 0.205254
1726 9 0 0.504964
1801 9 0 0.241273
1876 9 0 0.288150
1951 9 0 0.486760
2026 9 0 0.604226
2101 9 0 0.394294
2176 24 0 0.331261
2626 9 0 0.512910
2701 9 0 0.396236
2776 9 0 0.396236
3001 9 0 0.512910
3076 9 0 0.512910
3151 9 0 0.512910
3226 24 0 0.398760
3301 24 0 0.253213
3376 9 0 0.337270
3451 9 0 0.337270
3526 24 0 0.192887
3601 9 0 0.230822
3676 24 0 0.310293
3901 24 0 0.443284
4201 22 0 0.543206
4726 22 0 0.437879
4801 24 0 0.443284
5326 24 0 0.474322
5401 24 0 0.433243
5626 24 0 0.355661
5701 22 0 0.548274
5776 24 0 0.474322
5851 24 0 0.474322
5926 24 0 0.534861
6076 24 0 0.474322
6151 22 0 0.922960
6226 22 0 0.890218
6301 22 0 0.890218
6376 24 0 0.443284
6826 22 0 0.890218
6901 24 0 0.443284
6976 22 0 0.890218
7651 22 0 0.890218
7726 22 0 0.890218
7801 22 0 0.890218
7876 22 0 0.890218
7951 22 0 0.890218
8401 22 0 0.951175
8476 22 0 0.890218
9151 22 0 0.890218
9451 22 0 0.890218
9901 22 0 0.951175
9976 22 0 0.890218
10126 22 0 0.890218
10426 24 0 0.459354
10501 23 0 0.795389
10576 23 0 0.799630
10801 23 0 0.799630
10876 24 0 0.461942
11476 23 0 0.799630
11626 24 0 0.461942
11776 23 0 0.799630
11926 23 0 0.453605
13276 23 0 0.799630
13426 23 0 0.453605
14776 23 0 0.799630
14926 23 0 0.453605
15301 24 0 0.363363
15451 1 0 0.509588
15526 1 0 0.509588
15751 5 0 0.581452
15826 5 0 0.382289
15901 5 0 0.355421
15976 5 0 0.355421
16051 5 0 0.355421
16201 5 0 0.549182
16276 5 0 0.495912
16351 5 0 0.495912
16426 5 0 0.549182
16501 5 0 0.333870
16726 5 0 0.635287
16801 1 0 0.400724
16876 24 0 0.409832
17251 5 0 0.601838
17326 5 0 0.648831
17401 5 0 0.648831
17476 5 0 0.648831
17626 5 0 0.333870
17701 5 0 0.333870
17776 5 0 0.333870
17851 5 0 0.333870
17926 5 0 0.333870
18001 5 0 0.582257
18076 5 0 0.562074
18301 24 0 0.409832
18976 5 0 0.822446
19051 5 0 0.400042
19126 5 0 0.400042
19201 2 0 0.381655
19276 2 0 0.363579
19351 2 0 0.381655
19426 5 0 0.400042
19501 5 0 0.400042
19576 3 0 0.302284
19651 5 0 0.646186
19726 5 0 0.732135
19801 5 0 0.591847
19876 5 0 0.749218
19951 3 0 0.724917
20026 3 0 0.744936
20101 3 0 0.769418
20176 1 0 0.421480
20476 1 0 0.490978
21676 1 0 0.488310
24076 3 0 0.430917
24151 5 0 0.525418
24301 3 0 0.471903
24376 5 0 0.507775
24451 5 0 0.732135
24526 3 0 0.724917
24601 5 0 0.551802
25051 5 0 0.665770
25126 5 0 0.665770
25201 2 0 0.482971
25276 2 0 0.373947
25351 2 0 0.373947
25426 1 0 0.464719
25501 1 0 0.364039
25651 14 0 0.209774
25726 24 0 0.325687
25801 24 0 0.291572
25876 24 0 0.246476
25951 12 0 0.305837
26026 14 0 0.319526
26101 14 0 0.502763
26251 24 0 0.238557
26326 14 0 0.404107
26401 14 0 0.831636
26476 22 0 0.322789
26551 24 0 0.348610
26626 22 0 0.438864
26701 22 0 0.356128
26776 22 0 0.375602
26851 14 0 0.650078
26926 14 0 0.404107
27001 14 0 0.404107
27076 14 0 0.404107
27151 24 0 0.464384
27376 24 0 0.348610
27451 22 0 0.322789
27526 22 0 0.426493
27601 22 0 0.228283
27676 24 0 0.291572
27751 24 0 0.316411
27826 24 0 0.243403
27901 24 0 0.263301
27976 24 0 0.325687
28051 14 0 0.290870
28126 14 0 0.220633
28201 22 0 0.226798
28276 24 0 0.418201
28351 24 0 0.418201
28426 24 0 0.428434
28501 24 0 0.467778
28576 24 0 0.461322
28951 12 0 0.380204
29026 12 0 0.465532
29101 12 0 0.321831
29176 12 0 0.321831
29251 24 0 0.379195
29326 24 0 0.372561
29401 24 0 0.381389
29476 24 0 0.271545
29551 24 0 0.341834
29626 24 0 0.381389
29701 24 0 0.227900
29776 22 0 0.196276
30226 12 0 0.327512
30301 12 0 0.327512
30376 12 0 0.438816
30526 24 0 0.302227
30601 24 0 0.254528
30676 22 0 0.215558
30751 22 0 0.215558
31051 24 0 0.443284
31126 24 0 0.824125
31201 24 0 0.824125
31276 24 0 0.443284
33376 24 0 0.824125
33451 24 0 0.443284
33601 24 0 0.332531
33676 24 0 0.349796
33826 24 0 0.363363
34051 24 0 0.348217
34126 1 0 0.371692
34201 1 0 0.379180
34276 1 0 0.339197
34426 1 0 0.379180
34501 1 0 0.379180
34726 1 0 0.801646
34801 1 0 0.801646
34876 1 0 0.337429
35026 1 0 0.326781
35176 1 0 0.326781
35251 1 0 0.801646
35326 1 0 0.801646
35476 1 0 0.857574
35551 1 0 0.801646
35626 1 0 0.801646
35701 1 0 0.698101
36301 24 0 0.357265
36601 24 0 0.443841
36676 24 0 0.373765
37201 24 0 0.384915
37276 24 0 0.342943
37351 24 0 0.342943
37426 24 0 0.248040
37501 17 0 0.346348
37576 24 0 0.305701
37651 24 0 0.264503
37726 24 0 0.269941
37801 17 0 0.207817
37876 24 0 0.295079
37951 24 0 0.257208
38326 24 0 0.257208
38401 24 0 0.257208
38551 17 0 0.609604
38626 24 0 0.275498
38701 17 0 0.500022
38776 24 0 0.288860
38851 24 0 0.342943
38926 24 0 0.334667
39001 24 0 0.419927
39076 24 0 0.342943
39151 24 0 0.342943
39226 24 0 0.342943
39301 24 0 0.342943
39376 24 0 0.342943
39451 24 0 0.216137
39526 24 0 0.372839
39601 24 0 0.374808
39676 24 0 0.419927
39751 24 0 0.222761
39826 24 0 0.241651
39901 24 0 0.247957
39976 24 0 0.308789
40051 24 0 0.456614
40126 24 0 0.456614
40201 24 0 0.454219
40276 24 0 0.456614
40426 24 0 0.456614
40501 24 0 0.456614
40576 22 0 0.345399
40651 22 0 0.295931
40726 22 0 0.295931
40801 22 0 0.290870
