1 22 0 0.302807
76 22 0 0.302807
151 24 0 0.346130
226 5 0 0.198964
301 1 0 0.442019
376 4 0 0.766878
451 4 0 0.614322
526 4 0 0.714408
601 4 0 0.614322
676 4 0 0.306334
751 1 0 0.386705
1426 4 0 0.306334
1501 2 0 0.252352
3001 4 0 0.766878
3076 4 0 0.694820
3151 14 0 0.189787
3226 14 0 0.185782
3301 14 0 0.214249
3376 1 0 0.440798
3451 5 0 0.784848
3526 5 0 0.889023
3601 2 0 0.354753
3676 2 0 0.354753
3751 5 0 0.747225
3826 5 0 0.847600
3901 3 0 0.771016
3976 3 0 0.544545
4051 3 0 0.544545
4126 1 0 0.332228
4201 1 0 0.332228
4426 1 0 0.299489
4501 1 0 0.299489
4576 1 0 0.332228
5926 5 0 0.519391
6001 5 0 0.519391
6076 1 0 0.463026
6751 5 0 0.442845
6826 5 0 0.436828
7051 1 0 0.463026
7126 5 0 0.362157
7201 5 0 0.567012
7276 5 0 0.530358
7351 5 0 0.530358
7426 5 0 0.847600
7501 5 0 0.847600
7576 5 0 0.845144
7651 5 0 0.928618
7726 24 0 0.203623
7801 24 0 0.418223
7876 24 0 0.275550
7951 24 0 0.263971
8026 24 0 0.211774
8101 14 0 0.190545
8176 11 0 0.257697
8251 4 0 0.157861
8326 10 0 0.278417
8401 11 0 0.253233
8476 10 0 0.520934
8551 14 0 0.184308
8626 4 0 0.153708
8701 24 0 0.182222
8776 24 0 0.182222
8851 24 0 0.182222
8926 5 0 0.353499
9001 5 0 0.558047
9076 5 0 0.620920
9301 5 0 0.470984
9376 5 0 0.456381
9526 5 0 0.470984
9601 5 0 0.470984
9676 5 0 0.470984
9901 5 0 0.456381
9976 5 0 0.456381
10051 5 0 0.456381
10126 5 0 0.470984
10276 5 0 0.620920
10501 5 0 0.646511
10576 5 0 0.620920
10801 5 0 0.470984
10876 5 0 0.456381
10951 5 0 0.470984
11026 5 0 0.456381
11101 5 0 0.620920
11176 5 0 0.456381
11251 5 0 0.470984
11326 5 0 0.493714
11401 5 0 0.649122
11476 5 0 0.620920
11626 5 0 0.620920
11701 5 0 0.620920
11776 5 0 0.620920
11851 24 0 0.341296
11926 24 0 0.346265
12001 24 0 0.461452
12076 24 0 0.461797
12226 10 0 0.297571
12301 10 0 0.854630
12376 10 0 0.707173
12451 10 0 0.707173
12526 10 0 0.924224
12676 10 0 0.947898
12826 10 0 0.943835
12901 10 0 0.943835
12976 10 0 0.866744
13051 10 0 0.938646
13126 10 0 0.692555
13201 10 0 0.692555
13276 10 0 0.476899
13351 10 0 0.938646
13426 10 0 0.716163
13501 10 0 0.716163
13576 10 0 0.733716
13726 10 0 0.733716
13801 10 0 0.765018
13876 10 0 0.765018
13951 10 0 0.765018
14026 10 0 0.886089
14101 10 0 0.476899
14326 10 0 0.866744
14401 10 0 0.866744
14476 10 0 0.476899
14626 10 0 0.947898
14701 10 0 0.765018
14776 10 0 0.532998
15001 10 0 0.716163
15076 10 0 0.532998
15151 10 0 0.733716
15226 10 0 0.733716
15376 10 0 0.532998
15451 10 0 0.532998
15526 10 0 0.832676
15601 10 0 0.668436
15676 10 0 0.891796
15751 10 0 0.920613
15826 10 0 0.920613
15976 10 0 0.920613
16051 10 0 0.920613
16126 10 0 0.920613
16201 10 0 0.920613
16276 10 0 0.920613
16351 10 0 0.920613
16501 10 0 0.929841
16576 10 0 0.476899
16726 10 0 0.466121
16801 5 0 0.361558
16876 10 0 0.576039
16951 10 0 0.651825
17026 10 0 0.651825
17251 10 0 0.651825
17476 10 0 0.651825
17551 5 0 0.469897
17701 10 0 0.447707
17776 10 0 0.908451
17851 10 0 0.701796
17926 10 0 0.437954
18001 10 0 0.293996
18076 10 0 0.252419
18151 10 0 0.453714
18226 5 0 0.325315
18376 24 0 0.292220
18526 14 0 0.451231
18601 10 0 0.322333
18676 10 0 0.643188
18751 10 0 0.667567
18826 14 0 0.247617
18901 24 0 0.365214
18976 24 0 0.339694
19051 24 0 0.339694
19126 10 0 0.607788
19201 10 0 0.406961
19351 10 0 0.607788
19426 14 0 0.484949
19501 14 0 0.419111
19576 14 0 0.273542
19651 14 0 0.229380
19726 14 0 0.839895
19801 14 0 0.468890
19876 14 0 0.205806
19951 24 0 0.258831
20026 24 0 0.243573
20101 14 0 0.703022
20176 14 0 0.705172
20251 14 0 0.285414
20326 24 0 0.215488
20476 24 0 0.270753
20551 24 0 0.353564
20626 24 0 0.353564
20776 14 0 0.412004
20851 10 0 0.694532
20926 10 0 0.519300
21001 10 0 0.458665
21151 10 0 0.710092
21226 24 0 0.409969
21301 24 0 0.357830
21376 24 0 0.282744
21451 24 0 0.373785
21526 5 0 0.741486
21601 5 0 0.845144
21676 5 0 0.861299
21826 5 0 0.838969
21901 5 0 0.861299
21976 5 0 0.861299
22126 5 0 0.929862
22201 5 0 0.323751
22351 24 0 0.203623
22426 5 0 0.301822
22501 2 0 0.378890
22576 2 0 0.290871
22651 24 0 0.296129
22726 14 0 0.275183
22801 14 0 0.370748
22876 24 0 0.251657
23101 14 0 0.288919
23176 14 0 0.332106
23401 14 0 0.332106
23476 14 0 0.332106
23626 14 0 0.275614
23776 24 0 0.328232
23851 24 0 0.357259
23926 24 0 0.251657
24001 22 0 0.273339
24076 22 0 0.232820
24151 22 0 0.246244
24226 12 0 0.283146
24301 14 0 0.236359
24376 24 0 0.215677
24451 24 0 0.278285
24526 24 0 0.351053
24601 12 0 0.209809
24676 12 0 0.255570
24826 24 0 0.303451
24901 24 0 0.279528
25051 14 0 0.278411
25126 14 0 0.278411
25426 10 0 0.339388
25501 14 0 0.399849
25576 14 0 0.292169
25651 22 0 0.230978
25726 14 0 0.777954
25801 14 0 0.529895
25876 14 0 0.742962
25951 10 0 0.351424
26026 22 0 0.250412
26101 10 0 0.522579
26176 14 0 0.709604
26251 14 0 0.543420
26326 14 0 0.768053
26401 10 0 0.434243
26476 10 0 0.430334
26776 10 0 0.430334
26851 10 0 0.396015
26926 24 0 0.422765
27001 22 0 0.353926
27151 24 0 0.364465
27226 1 0 0.155208
27301 10 0 0.273248
27451 14 0 0.308214
27526 10 0 0.374947
27601 14 0 0.292169
27676 14 0 0.278411
27901 14 0 0.292169
27976 14 0 0.370459
28051 10 0 0.583206
28126 10 0 0.466501
28276 10 0 0.596775
28351 10 0 0.596775
28426 10 0 0.655559
28501 10 0 0.596775
28726 10 0 0.596775
28951 10 0 0.917758
29026 14 0 0.565956
29326 14 0 0.272623
29626 24 0 0.465063
29776 24 0 0.220812
29851 24 0 0.277432
29926 24 0 0.232896
30001 24 0 0.336949
30076 10 0 0.391419
30151 10 0 0.476694
30226 10 0 0.547060
30301 10 0 0.201532
30376 10 0 0.526038
30451 10 0 0.526038
30526 10 0 0.202764
30601 22 0 0.230978
30676 10 0 0.211464
31201 10 0 0.211464
31276 10 0 0.211464
31426 22 0 0.199046
31501 22 0 0.200751
31576 24 0 0.388180
31651 24 0 0.379974
31726 24 0 0.374868
31876 24 0 0.333144
32026 10 0 0.311292
32101 10 0 0.451663
32176 22 0 0.205959
32251 10 0 0.310560
32326 10 0 0.389633
32551 10 0 0.356325
32626 22 0 0.406159
32701 22 0 0.529686
32776 22 0 0.423780
32851 22 0 0.397656
32926 22 0 0.488582
33001 22 0 0.475797
33076 22 0 0.411155
33151 23 0 0.348651
33226 24 0 0.302397
33526 24 0 0.306198
33676 23 0 0.345519
33751 23 0 0.348651
34426 23 0 0.719185
34501 23 0 0.414944
35926 23 0 0.777585
36001 23 0 0.414944
37426 23 0 0.777585
37501 23 0 0.414944
38926 23 0 0.775257
39001 23 0 0.414944
39076 23 0 0.411195
39151 23 0 0.788142
39226 14 0 0.331808
39301 14 0 0.460047
39376 24 0 0.413004
39451 1 0 0.521222
39526 2 0 0.617505
39601 2 0 0.395677
39676 2 0 0.314104
39826 2 0 0.479802
39901 2 0 0.479802
39976 2 0 0.617296
40051 1 0 0.335973
40126 22 0 0.523198
40201 22 0 0.627925
40276 22 0 0.291892
40351 22 0 0.248177
40426 14 0 0.250805
40501 14 0 0.250805
40576 14 0 0.230950
40651 9 0 0.381795
40726 9 0 0.402409
40801 9 0 0.402409
41026 9 0 0.548645
41101 9 0 0.543667
41176 9 0 0.399395
41326 9 0 0.399395
41401 9 0 0.379507
41476 9 0 0.400077
41551 9 0 0.400077
41626 9 0 0.400077
41701 9 0 0.400077
41776 9 0 0.400077
41926 9 0 0.400077
42001 9 0 0.400077
42376 24 0 0.325057
42451 9 0 0.548645
42526 9 0 0.642243
42601 24 0 0.431454
42826 24 0 0.819312
43201 24 0 0.819312
43276 24 0 0.431454
44176 24 0 0.427623
44626 24 0 0.817224
44701 24 0 0.817224
44776 24 0 0.813878
44851 24 0 0.428809
56851 24 0 0.354139
58351 24 0 0.450717
58426 24 0 0.392839
59851 24 0 0.450717
59926 24 0 0.392839
61351 24 0 0.450717
61426 24 0 0.392839
62851 24 0 0.450717
62926 24 0 0.392839
63676 24 0 0.522650
63976 22 0 0.299373
64126 2 0 0.521622
64201 2 0 0.499288
64276 5 0 0.195672
64501 2 0 0.275550
64726 24 0 0.427623
64801 22 0 0.322190
64876 1 0 0.387820
64951 2 0 0.624040
65026 2 0 0.275550
65476 2 0 0.499288
65551 2 0 0.275550
66976 1 0 0.335556
67051 4 0 0.173244
67726 5 0 0.611721
67801 5 0 0.669187
67951 5 0 0.852821
68026 1 0 0.450938
68101 9 0 0.260445
68176 24 0 0.244251
68251 9 0 0.373675
68401 9 0 0.455930
68476 9 0 0.373675
68551 9 0 0.373675
68626 9 0 0.389591
68701 9 0 0.662471
68776 9 0 0.356456
68851 9 0 0.521746
68926 9 0 0.521746
69001 9 0 0.420329
69076 24 0 0.304033
69226 9 0 0.420329
69301 9 0 0.536491
69376 9 0 0.455930
69451 9 0 0.356456
69526 9 0 0.356456
69601 24 0 0.352622
69676 24 0 0.367539
70051 9 0 0.269092
70876 9 0 0.356456
70951 24 0 0.352622
