1 24 0 0.426757
76 1 0 0.363331
226 5 0 0.566536
301 5 0 0.778513
376 5 0 0.778513
451 5 0 0.778513
526 5 0 0.494787
676 3 0 0.710089
751 3 0 0.513084
826 3 0 0.513084
901 1 0 0.198660
976 1 0 0.247873
1051 22 0 0.169833
1126 1 0 0.372177
1426 5 0 0.597347
1501 5 0 0.597347
1576 1 0 0.428162
1726 1 0 0.428162
1801 1 0 0.353265
2026 1 0 0.418651
2101 1 0 0.418651
2626 1 0 0.418651
3001 1 0 0.547510
3076 1 0 0.308571
3151 1 0 0.340847
3226 5 0 0.238882
3301 5 0 0.238882
3376 5 0 0.238882
3451 5 0 0.238882
3526 5 0 0.238882
3601 5 0 0.238882
3676 5 0 0.408667
3751 5 0 0.417732
3826 5 0 0.690948
4051 5 0 0.426714
4201 5 0 0.690948
4276 5 0 0.690948
4351 5 0 0.690948
4426 5 0 0.455319
4501 15 0 0.223883
4576 5 0 0.690948
4651 5 0 0.690948
4726 5 0 0.426714
4801 5 0 0.690948
4876 5 0 0.778513
5026 5 0 0.742448
5101 5 0 0.819925
6001 5 0 0.832344
6076 5 0 0.366209
6976 1 0 0.428162
7051 1 0 0.428162
7126 1 0 0.337826
7501 1 0 0.537323
7576 1 0 0.379206
7651 5 0 0.909855
7726 5 0 0.819925
7876 5 0 0.819925
7951 5 0 0.335724
9526 5 0 0.956029
9601 5 0 0.798283
9676 5 0 0.582197
9751 24 0 0.315137
9976 1 0 0.508072
10051 5 0 0.332725
10126 24 0 0.347374
10501 24 0 0.296107
10576 24 0 0.296107
10651 1 0 0.470228
10726 5 0 0.479691
10801 5 0 0.479691
10876 5 0 0.479691
10951 5 0 0.479691
11026 5 0 0.479691
11101 5 0 0.479691
11176 1 0 0.361984
11251 1 0 0.470228
11626 1 0 0.723907
11701 1 0 0.488968
12001 1 0 0.754772
12076 1 0 0.673439
12151 1 0 0.400868
12226 1 0 0.400868
12376 5 0 0.501946
12451 1 0 0.400868
12526 1 0 0.673439
12601 1 0 0.403314
13126 1 0 0.403314
13201 1 0 0.403314
13501 1 0 0.673439
13576 1 0 0.673439
13876 1 0 0.400868
14176 1 0 0.452971
14251 1 0 0.367103
14476 1 0 0.391108
14701 1 0 0.391108
14776 1 0 0.403314
14926 1 0 0.403314
15001 1 0 0.673439
15076 1 0 0.403314
15226 1 0 0.403314
15301 1 0 0.403314
15751 1 0 0.403314
15826 1 0 0.403314
15976 1 0 0.406440
16051 24 0 0.296107
16276 1 0 0.549008
16351 1 0 0.951985
16426 1 0 0.632147
16501 1 0 0.632147
16576 1 0 0.786742
16801 1 0 0.951985
16876 1 0 0.483678
17176 5 0 0.350211
17251 1 0 0.353197
17326 24 0 0.403629
17401 24 0 0.489480
17476 24 0 0.421930
17626 24 0 0.217013
17701 5 0 0.534033
17776 5 0 0.518023
17851 5 0 0.518023
18001 5 0 0.501040
18076 5 0 0.277745
18376 14 0 0.421476
18451 5 0 0.366209
18526 5 0 0.300065
18601 5 0 0.366209
18676 5 0 0.207650
18751 24 0 0.205858
18826 5 0 0.624459
18901 5 0 0.599568
19351 10 0 0.524913
19426 10 0 0.161977
19501 10 0 0.329670
19576 5 0 0.277745
19651 12 0 0.456799
19726 24 0 0.303412
19876 24 0 0.303412
19951 12 0 0.200354
20026 14 0 0.410252
20101 24 0 0.331725
20176 14 0 0.398261
20251 22 0 0.261045
20326 22 0 0.220895
20401 24 0 0.482404
20476 14 0 0.372548
20551 24 0 0.331725
20626 14 0 0.410252
20701 24 0 0.363358
21076 24 0 0.320514
21226 24 0 0.216913
21301 24 0 0.300190
21676 24 0 0.300190
21826 24 0 0.300190
21901 24 0 0.300190
21976 24 0 0.300190
22051 24 0 0.400000
22126 24 0 0.305103
22201 24 0 0.305103
22276 24 0 0.305103
22351 24 0 0.305103
23326 14 0 0.340399
23401 10 0 0.500943
23476 10 0 0.618922
23551 5 0 0.555575
23626 10 0 0.406751
23776 5 0 0.558024
23851 5 0 0.514682
23926 5 0 0.336231
24001 5 0 0.574900
24076 10 0 0.427384
24151 10 0 0.427384
24226 10 0 0.390314
24301 1 0 0.310608
24376 1 0 0.383570
24451 1 0 0.425213
24526 1 0 0.310608
24601 1 0 0.170063
24676 1 0 0.170063
24751 1 0 0.170063
24826 1 0 0.170063
24976 1 0 0.284433
25051 1 0 0.170063
25126 1 0 0.170063
25276 1 0 0.170063
25351 1 0 0.170063
25501 1 0 0.164679
25876 1 0 0.206126
25951 1 0 0.191983
26026 1 0 0.329993
26101 14 0 0.257514
26176 1 0 0.310608
26776 1 0 0.164679
26926 1 0 0.164679
27001 5 0 0.262513
27076 1 0 0.237357
27151 10 0 0.176322
27226 10 0 0.306198
27376 11 0 0.315219
27451 10 0 0.306198
27526 10 0 0.306198
27601 10 0 0.306198
27676 1 0 0.310608
27826 10 0 0.293937
27976 11 0 0.264811
28051 22 0 0.436768
28126 22 0 0.919887
28201 22 0 0.919887
28276 22 0 0.981695
28351 22 0 0.951749
28426 22 0 0.987758
28501 10 0 0.266136
28576 22 0 0.808658
28651 24 0 0.261903
29176 22 0 0.810743
29251 22 0 0.834851
29326 22 0 0.984396
29401 22 0 0.984396
29476 22 0 0.994329
29551 22 0 0.919887
29626 22 0 0.984396
29701 22 0 0.981839
29776 22 0 0.981839
29851 22 0 0.925407
29926 22 0 0.995548
30001 22 0 0.995548
30076 22 0 0.981839
30376 22 0 0.984396
30451 22 0 0.961681
31126 22 0 0.981839
31276 22 0 0.981839
31501 22 0 0.995548
31576 22 0 0.981839
31726 22 0 0.981839
31801 22 0 0.981839
32551 22 0 0.925407
32851 22 0 0.984396
32926 22 0 0.995335
33001 22 0 0.995335
33076 22 0 0.984396
34426 22 0 0.995768
34501 22 0 0.975763
34576 22 0 0.984396
34651 22 0 0.984396
36001 22 0 0.995335
36076 22 0 0.984396
36676 22 0 0.984396
36751 22 0 0.984396
36826 22 0 0.984396
37276 22 0 0.984396
37351 22 0 0.925407
37501 22 0 0.662147
37576 22 0 0.919887
37951 22 0 0.970668
38026 22 0 0.925407
38326 22 0 0.429029
38476 22 0 0.834851
38551 22 0 0.552563
38701 22 0 0.713637
38776 24 0 0.610006
38851 24 0 0.578749
38926 22 0 0.874070
39001 22 0 0.935355
39076 22 0 0.919887
39676 22 0 0.919887
39751 22 0 0.919887
39826 22 0 0.919887
39976 22 0 0.828862
40051 22 0 0.790727
40126 22 0 0.828862
40201 22 0 0.919887
40426 22 0 0.758956
40501 22 0 0.526621
40576 22 0 0.758065
40651 23 0 0.314459
40726 22 0 0.499330
40801 22 0 0.499330
41101 22 0 0.499330
41176 23 0 0.314459
41326 24 0 0.355662
41401 24 0 0.283467
41476 23 0 0.264639
41551 24 0 0.322709
41926 24 0 0.292466
42001 23 0 0.421074
42076 22 0 0.349484
42151 24 0 0.413631
42226 23 0 0.310680
42301 24 0 0.327323
42376 24 0 0.335341
42526 24 0 0.327323
42676 24 0 0.335341
42976 24 0 0.526619
43051 24 0 0.526619
43126 24 0 0.327323
43501 23 0 0.883221
45976 23 0 0.921830
46051 24 0 0.403629
46126 24 0 0.369395
46426 24 0 0.395614
46501 24 0 0.355659
46576 24 0 0.414401
46726 1 0 0.322932
46801 24 0 0.369395
47026 24 0 0.355659
47176 24 0 0.330201
47251 24 0 0.335341
