352 110 538 260 000031 0 1
212 215 298 288 000031 0 2
090 235 224 291 000031 0 3
360 097 522 251 000061 0 1
216 204 294 278 000061 0 2
209 174 319 244 000091 1 12
255 182 368 255 000121 1 12
368 082 424 136 000121 1 14
281 111 366 185 000151 1 14
246 189 342 261 000151 1 12
283 121 365 192 000181 1 14
253 192 339 262 000181 1 12
305 056 372 132 000211 1 14
255 179 341 248 000211 1 12
290 157 378 233 000241 1 12
226 177 317 246 000271 1 12
367 069 534 219 000301 0 1
213 166 287 235 000301 0 2
100 019 494 423 000811 1 16
115 012 655 471 000841 1 16
117 101 642 471 000871 1 16
129 033 651 473 000901 1 16
232 010 694 465 000931 1 16
232 007 676 460 000961 1 16
221 018 673 472 000991 1 16
270 017 674 464 001021 1 16
319 042 688 471 001051 1 16
348 021 683 465 001081 1 16
375 031 687 467 001111 1 16
336 030 701 460 001141 1 16
310 010 683 463 001171 1 16
339 020 692 452 001201 1 16
214 021 258 098 001261 1 20
344 025 389 094 001291 1 20
394 057 443 138 001321 1 20
354 024 407 113 001351 1 20
351 037 402 111 001381 1 20
317 038 382 129 001411 1 20
169 004 232 082 001501 1 20
404 005 446 062 001741 1 20
342 042 385 098 001771 1 20
361 074 405 135 001801 1 20
355 051 403 113 001831 1 20
342 010 389 084 001891 1 20
365 027 412 098 001921 1 20
350 012 400 082 001951 1 20
149 143 216 204 002341 0 2
280 061 429 202 002341 0 1
249 016 550 342 002371 1 13
197 065 595 328 002401 1 13
211 081 591 314 002431 1 13
195 126 594 336 002461 1 13
200 124 586 297 002491 1 13
222 150 489 313 002521 1 13
210 136 594 332 002551 1 13
214 140 574 319 002581 1 13
204 158 493 314 002611 1 13
214 152 598 340 002641 1 13
223 148 567 328 002671 1 13
220 128 536 273 002701 1 13
216 074 523 296 002731 1 13
192 121 534 279 002761 1 13
196 129 516 283 002791 1 13
202 117 516 292 002821 1 13
213 115 543 303 002851 1 13
202 116 572 305 002881 1 13
179 159 249 219 002941 0 2
171 127 251 196 002971 1 12
308 060 453 170 002971 0 1
418 029 593 172 003001 0 1
157 273 314 413 003091 1 12
230 311 385 443 003151 1 12
277 241 465 402 003181 1 12
351 279 547 437 003211 1 12
300 256 476 406 003241 1 12
318 318 501 472 003271 1 12
264 202 424 345 003331 1 12
290 210 460 360 003361 1 12
317 243 498 402 003421 1 12
239 275 430 419 003451 1 12
193 264 361 410 003481 1 12
146 237 322 364 003511 1 12
136 271 331 412 003541 1 12
168 337 361 471 003571 1 12
205 325 396 472 003601 1 12
215 300 420 450 003631 1 12
252 281 434 427 003661 1 12
304 269 500 416 003691 1 12
269 219 459 361 003721 1 12
304 257 506 400 003751 1 12
337 252 535 400 003781 1 12
268 222 447 350 003811 1 12
316 231 489 358 003871 1 12
314 082 422 178 003871 0 8
192 003 571 264 003931 0 8
259 372 363 474 003931 1 12
284 376 410 478 003961 1 12
190 009 598 288 003961 1 18
189 008 595 284 003991 1 18
278 373 417 474 003991 1 12
201 005 592 292 004021 1 18
297 378 419 474 004021 1 12
290 374 413 477 004051 1 12
203 007 591 293 004051 1 18
197 007 588 269 004081 0 8
259 341 391 458 004081 1 12
310 297 440 433 004111 1 12
018 223 061 272 004111 0 9
220 008 592 251 004111 0 8
232 014 605 273 004141 0 8
325 298 461 430 004141 1 12
037 243 073 288 004141 0 9
231 011 602 266 004171 0 8
269 288 414 414 004171 1 12
039 241 077 289 004171 0 9
249 298 388 421 004201 1 12
228 008 603 270 004201 0 8
208 010 588 265 004231 0 8
018 246 058 290 004231 0 9
188 007 582 276 004261 0 8
020 250 062 293 004291 0 9
200 008 603 272 004291 0 8
119 274 267 412 004441 1 12
207 292 364 418 004501 1 12
163 254 306 394 004621 1 12
132 247 267 392 004651 1 12
207 242 351 386 004681 1 12
324 202 485 340 004771 1 12
306 224 462 365 004801 0 3
186 211 342 357 004921 1 12
177 209 338 361 004951 1 12
279 218 430 359 005071 1 12
313 192 463 334 005101 1 12
321 043 477 189 005311 0 1
173 123 216 175 005311 0 2
162 132 214 199 005341 0 2
316 039 474 161 005341 0 1
315 004 514 211 005401 1 17
321 003 518 190 005431 1 17
313 004 518 201 005461 1 17
290 001 521 187 005491 1 17
300 009 519 190 005551 1 17
263 006 543 294 005701 1 17
237 213 462 473 005731 1 17
183 103 438 468 005791 1 17
209 118 493 471 005911 1 17
215 287 457 473 006121 1 17
217 266 449 478 006151 1 17
223 383 718 473 006871 1 21
224 377 713 474 006901 1 21
221 387 716 478 006931 1 21
223 380 714 476 006961 1 21
296 201 553 468 007231 1 17
370 146 620 466 007351 1 17
301 144 638 471 007441 1 17
277 155 578 476 007471 1 17
254 113 586 473 007501 1 17
156 176 500 472 007651 1 17
262 222 563 476 007741 1 17
232 024 534 320 007921 1 17
259 055 518 351 007951 1 17
166 151 216 215 007981 0 2
280 095 440 233 008041 1 12
331 192 529 362 008161 1 12
325 233 533 414 008191 1 12
307 230 503 407 008341 1 12
487 198 684 395 008431 1 12
465 195 641 359 008461 1 12
458 178 656 363 008461 1 12
373 261 591 457 008671 1 12
339 287 588 475 008761 1 12
321 306 536 462 008821 1 12
127 007 553 321 008911 1 18
125 010 532 334 008941 1 18
136 009 558 322 008971 1 18
129 009 527 307 009001 1 18
139 019 537 330 009031 1 18
141 015 535 332 009061 1 18
152 010 538 335 009091 1 18
156 038 546 337 009121 1 18
152 019 543 337 009151 1 18
153 019 539 333 009181 1 18
167 016 548 347 009211 1 18
151 014 539 338 009241 1 18
155 008 538 291 009271 1 18
287 384 391 474 009271 1 12
285 381 402 476 009301 1 12
158 011 540 277 009301 1 18
297 379 404 470 009331 1 12
159 014 525 278 009331 1 18
188 023 562 292 009391 1 18
177 024 544 311 009481 1 18
295 221 334 266 009571 0 9
403 210 441 252 009601 0 9
237 212 281 272 009631 0 9
403 193 459 310 009691 1 19
440 218 542 327 009721 1 19
408 198 502 306 009751 1 19
442 197 530 305 009781 1 19
391 196 486 334 009811 1 19
411 208 514 335 009841 1 19
427 229 531 355 009871 1 19
316 246 475 460 010261 1 15
589 225 632 322 010261 0 9
592 233 643 330 010291 0 9
312 240 458 460 010291 1 15
326 233 474 443 010321 1 15
603 232 644 324 010321 0 9
345 257 474 453 010351 1 15
606 245 647 337 010351 0 9
340 268 465 457 010381 1 15
608 254 638 344 010381 0 9
333 283 455 457 010411 1 15
599 259 635 356 010411 0 9
325 275 455 465 010441 1 15
624 245 653 349 010441 0 9
314 244 439 434 010471 1 15
345 256 460 431 010501 1 15
330 275 454 453 010531 1 15
318 272 436 450 010561 1 15
320 284 446 468 010591 1 15
317 281 437 461 010621 1 15
315 275 433 456 010651 1 15
303 258 422 439 010681 1 15
319 269 433 449 010711 1 15
327 218 462 402 010741 1 15
157 111 313 232 011641 1 11
313 043 496 195 011731 1 11
318 045 499 193 011761 1 11
322 044 506 202 011791 1 11
325 035 505 187 011821 1 11
320 027 503 187 011851 1 11
318 034 500 190 011881 1 11
327 030 511 185 011911 1 11
315 036 493 179 011941 1 11
317 037 502 182 011971 1 11
319 033 501 171 012001 1 11
326 040 510 193 012031 1 11
328 034 517 174 012061 1 11
336 033 511 187 012091 0 1
329 048 516 188 012121 1 11
328 040 515 196 012151 1 11
330 034 515 179 012181 1 11
328 031 514 183 012211 1 11
336 034 514 180 012241 1 11
338 036 518 184 012271 1 11
