236 147 387 290 000001 0 1
142 233 204 293 000001 0 2
003 228 079 378 000001 1 15
142 175 193 235 000001 0 4
262 160 423 306 000031 0 1
171 245 234 302 000031 0 2
008 256 103 427 000031 1 15
091 209 243 259 000061 0 3
251 171 322 231 000061 0 2
016 420 135 480 000121 0 7
155 142 289 317 000571 0 6
660 207 706 282 000571 0 10
163 203 239 292 000631 0 6
140 119 281 322 000991 0 8
107 001 451 343 001021 1 18
058 005 501 404 001051 1 18
113 002 571 402 001081 1 18
123 059 480 395 001111 1 18
271 117 536 363 001141 1 18
397 410 446 466 001171 0 2
393 409 445 468 001171 0 2
373 324 421 383 001201 0 2
256 003 512 193 001201 1 18
100 003 371 229 001231 0 8
229 361 291 427 001231 1 12
248 049 512 257 001261 0 8
289 029 552 277 001291 0 8
246 315 349 423 001321 1 12
095 022 361 271 001351 0 8
257 256 451 426 001471 1 12
258 215 407 341 001501 1 12
251 183 378 329 001531 1 12
255 242 404 392 001561 1 12
320 288 497 441 001591 1 12
336 283 545 452 001651 1 12
174 239 349 408 001831 1 12
217 247 407 434 001861 1 12
229 223 416 446 001921 1 12
252 332 477 480 001981 1 12
335 372 543 476 002041 1 12
351 158 447 248 002131 0 2
482 052 687 282 002131 0 1
291 063 332 147 002191 1 14
326 100 419 213 002221 1 14
315 224 404 309 002221 0 2
131 242 308 320 002221 0 3
322 173 461 300 002251 1 14
028 248 165 282 002251 0 7
423 124 608 308 002251 0 1
303 180 427 277 002281 1 14
412 113 599 280 002281 0 1
025 253 157 285 002281 0 7
305 194 421 305 002311 1 14
414 114 622 275 002311 0 1
027 246 167 282 002311 0 7
316 147 423 290 002341 1 14
311 131 396 223 002371 1 14
327 212 417 303 002371 0 2
135 236 313 314 002371 0 3
312 105 373 208 002401 1 14
117 230 291 301 002401 0 3
036 245 166 282 002401 0 7
307 117 372 207 002431 1 14
301 208 384 279 002431 0 2
407 089 607 252 002431 0 1
122 235 259 303 002431 0 3
037 247 144 282 002431 0 7
419 104 621 261 002461 0 1
308 219 395 303 002461 0 2
294 130 369 208 002461 1 14
127 242 283 321 002461 0 3
287 200 374 279 002491 0 2
395 090 590 250 002491 0 1
089 231 260 306 002521 0 3
270 192 364 272 002521 0 2
380 080 586 244 002521 0 1
395 085 598 249 002551 0 1
281 202 367 279 002551 0 2
093 234 272 307 002551 0 3
340 132 468 309 002731 1 15
065 273 210 359 002731 0 3
356 060 494 226 002761 1 15
387 156 501 334 002791 1 15
057 242 209 331 002791 0 3
385 154 523 335 002791 1 15
403 139 515 296 002821 1 15
261 213 359 304 002821 0 2
060 234 256 317 002821 0 3
069 239 226 322 002851 0 3
384 133 496 292 002851 1 15
082 239 246 322 002881 0 3
382 131 481 308 002881 1 15
066 252 242 329 002911 0 3
372 150 484 338 002911 1 15
367 149 468 326 002941 1 15
065 248 250 325 002941 0 4
060 239 246 325 002971 0 3
370 144 479 323 002971 1 15
057 251 250 326 003001 0 3
365 149 462 326 003001 1 15
066 241 241 324 003031 0 3
363 140 481 328 003031 1 15
072 244 233 331 003061 0 3
361 151 466 337 003061 1 15
287 260 424 474 003091 1 15
368 141 589 295 003091 0 1
091 265 235 326 003091 0 3
469 157 713 467 003151 0 1
070 310 266 475 003151 0 3
032 279 176 351 003151 0 7
304 285 563 466 003181 1 12
146 213 447 450 003211 1 12
296 211 475 312 003241 1 14
306 307 604 470 003241 1 12
192 040 495 333 003271 1 12
213 112 526 379 003301 1 12
195 047 508 315 003331 1 12
331 116 590 338 003361 1 12
398 101 487 143 003361 1 14
292 158 543 385 003391 1 12
343 134 454 180 003391 1 14
384 168 638 384 003451 1 12
239 042 446 233 003541 1 12
261 124 422 323 003601 1 12
236 201 428 430 003631 1 12
306 170 443 265 003661 1 14
238 167 452 369 003721 1 12
242 114 361 186 003721 0 4
315 207 523 374 003781 1 12
306 150 418 226 003781 0 4
302 147 418 222 003781 1 14
298 186 426 270 003811 1 14
336 215 460 298 003841 1 14
367 283 553 453 003841 1 12
259 109 380 233 003901 1 14
274 220 473 407 003901 1 12
215 005 675 323 003931 1 18
256 026 527 291 003961 1 18
357 417 421 477 003961 0 2
333 100 569 321 003991 1 18
422 422 478 470 003991 0 2
303 082 541 295 004021 1 18
405 417 462 473 004021 0 2
339 071 578 288 004051 1 18
437 414 496 478 004051 0 2
325 075 576 307 004081 1 18
423 436 481 471 004081 0 2
323 076 580 312 004081 1 18
298 070 543 308 004111 1 18
392 429 455 477 004111 0 2
295 074 554 315 004141 1 18
397 432 455 478 004141 0 2
289 062 550 301 004171 1 18
395 430 462 477 004171 0 2
085 265 126 307 004171 0 9
243 037 532 306 004201 0 8
066 262 105 305 004201 0 9
123 005 545 363 004231 1 18
097 009 556 362 004261 0 8
106 010 548 338 004291 0 8
113 008 542 334 004321 0 8
103 008 529 337 004351 0 8
112 008 527 345 004381 0 8
092 005 515 340 004411 0 8
365 013 711 384 004441 0 8
132 269 176 316 004441 0 9
223 310 368 461 004531 1 12
157 272 333 436 004561 1 12
304 285 510 469 004591 1 14
093 175 296 351 005251 0 6
059 118 475 429 005281 1 16
009 102 513 450 005311 1 16
003 072 464 461 005341 1 16
000 073 382 475 005371 1 16
005 076 387 441 005401 1 16
006 002 470 424 005431 1 16
016 000 613 420 005461 1 16
007 003 599 413 005491 1 16
010 010 573 416 005521 1 16
028 004 599 424 005551 1 16
006 012 456 439 005581 1 16
358 105 617 330 006031 0 1
158 232 258 319 006031 0 2
132 199 249 261 006061 1 13
251 179 300 226 006061 0 2
348 113 501 258 006061 0 1
492 103 656 252 006091 0 1
394 186 444 235 006091 0 2
296 124 536 410 006121 1 13
227 225 563 445 006151 1 13
215 213 600 465 006181 1 13
208 238 574 472 006211 1 13
260 232 536 477 006241 1 13
278 167 546 379 006271 1 13
258 119 486 376 006301 1 13
226 154 562 374 006331 1 13
251 106 501 360 006361 1 13
228 127 566 373 006391 1 13
286 075 463 391 006421 1 13
270 064 515 393 006481 1 13
614 049 683 143 006541 1 20
442 003 511 079 006571 1 20
284 131 335 220 006601 1 20
329 171 386 265 006631 1 20
355 178 402 265 006661 1 20
363 181 409 243 006691 1 20
344 183 394 251 006721 1 20
332 167 388 249 006751 1 20
336 159 391 242 006781 1 20
326 151 384 234 006811 1 20
359 171 402 248 006841 1 20
348 166 401 243 006871 1 20
324 173 386 266 006901 1 20
321 166 380 252 006931 1 20
302 155 358 243 006961 1 20
315 172 372 252 006991 1 20
319 167 386 258 007021 1 20
324 171 383 258 007081 1 20
332 169 379 253 007111 1 20
332 171 384 249 007141 1 20
332 170 384 254 007171 1 20
327 178 377 268 007201 1 20
328 177 379 261 007231 1 20
335 161 388 257 007291 1 20
334 164 387 257 007351 1 20
333 172 383 261 007381 1 20
330 171 393 268 007411 1 20
320 157 380 254 007471 1 20
323 153 374 264 007531 1 20
108 108 239 224 007591 0 1
348 050 547 209 007651 0 1
201 165 276 220 007651 0 2
024 222 139 293 007651 0 3
067 092 315 380 007681 1 17
298 261 556 456 007711 1 17
251 116 435 264 007711 0 1
225 217 482 467 007741 1 17
252 152 547 440 007771 1 17
239 107 574 448 007801 1 17
237 056 548 441 007831 1 17
210 026 458 384 007861 1 17
221 036 436 381 007891 1 17
234 054 506 389 007921 1 17
248 084 514 394 007951 1 17
226 002 480 300 008011 1 17
252 006 489 334 008041 1 17
260 007 494 358 008071 1 17
292 007 537 349 008101 1 17
171 007 530 463 008221 1 17
305 341 607 396 008851 1 21
296 331 575 387 008881 1 21
251 298 471 340 008911 1 21
275 317 475 356 008941 1 21
296 314 500 361 008971 1 21
292 296 491 341 009001 1 21
305 294 483 338 009031 1 21
297 295 477 332 009061 1 21
290 302 466 342 009091 1 21
301 300 486 343 009121 1 21
304 300 477 339 009151 1 21
300 301 481 340 009181 1 21
304 299 483 343 009211 1 21
320 296 500 344 009241 1 21
305 297 489 348 009271 1 21
276 300 494 356 009301 1 21
105 305 428 374 009331 1 21
196 004 535 464 009631 1 17
233 122 479 417 010141 1 11
265 096 490 366 010171 1 11
265 087 499 341 010201 1 11
268 087 496 353 010231 1 11
270 078 498 337 010261 1 11
266 076 490 329 010291 1 11
264 087 490 338 010321 1 11
257 071 493 339 010351 1 11
264 076 492 344 010381 1 11
266 070 491 317 010411 1 11
299 051 537 318 010441 1 11
257 055 486 305 010621 1 11
272 060 504 321 010651 1 11
274 054 508 316 010681 1 11
272 050 500 313 010711 1 11
273 065 505 323 010771 1 11
278 059 508 313 010801 1 11
