326 141 364 209 000151 1 20
353 137 387 202 000181 1 20
333 198 368 269 000211 1 20
319 177 358 243 000241 1 20
329 163 370 225 000271 1 20
301 132 343 211 000301 1 20
298 116 342 194 000331 1 20
313 114 352 197 000361 1 20
306 116 348 202 000391 1 20
292 119 339 198 000451 1 20
314 104 356 178 000481 1 20
316 112 354 186 000511 1 20
331 105 375 182 000541 1 20
315 109 360 177 000571 1 20
322 107 359 184 000601 1 20
305 102 346 176 000631 1 20
308 095 343 172 000661 1 20
328 090 364 170 000691 1 20
309 095 345 166 000721 1 20
321 104 362 179 000751 1 20
305 093 347 175 000811 1 20
302 095 344 169 000841 1 20
305 098 346 171 000871 1 20
301 069 351 150 001081 1 20
302 150 487 321 001291 1 11
310 151 487 339 001321 1 11
167 265 238 317 001321 0 2
006 293 127 341 001321 0 7
318 141 498 333 001351 1 11
010 292 131 338 001351 0 7
175 260 246 305 001351 0 2
315 132 492 318 001381 1 11
173 248 242 297 001381 0 2
001 281 135 325 001381 0 7
323 139 503 327 001411 1 11
182 255 254 311 001411 0 2
009 287 138 331 001411 0 7
176 248 246 300 001441 0 2
318 129 503 319 001441 1 11
319 117 502 316 001471 1 11
329 141 506 330 001501 1 11
019 283 144 330 001501 0 7
185 254 258 305 001501 0 2
323 138 499 330 001531 1 11
181 251 251 297 001531 0 2
016 281 141 322 001531 0 7
324 133 502 317 001561 1 11
183 242 254 289 001561 0 2
030 277 139 315 001561 0 7
330 126 512 317 001591 1 11
186 239 261 286 001591 0 2
025 268 143 313 001591 0 7
330 126 503 317 001621 1 11
182 245 258 287 001621 0 2
026 277 134 318 001621 0 7
318 124 510 309 001651 1 11
174 243 246 294 001651 0 2
006 276 128 324 001651 0 7
320 130 495 319 001681 1 11
179 248 245 304 001681 0 2
004 280 131 326 001681 0 7
320 128 504 324 001711 1 11
177 246 250 302 001711 0 2
003 277 135 328 001711 0 7
317 126 497 325 001741 1 11
175 244 247 295 001741 0 2
005 277 132 328 001741 0 7
524 158 670 319 001801 0 1
414 240 462 288 001801 0 2
378 249 486 418 001981 1 15
396 176 459 282 002011 1 15
281 237 344 296 002041 0 2
117 257 242 298 002041 0 7
391 188 456 296 002041 1 15
386 187 445 299 002071 1 15
271 239 336 289 002071 0 2
110 254 233 295 002071 0 7
394 194 456 315 002101 1 15
278 241 340 289 002101 0 2
120 253 238 295 002101 0 7
398 193 458 300 002131 0 5
281 240 351 293 002131 0 2
393 190 452 299 002161 1 15
278 237 341 293 002161 0 2
116 257 243 288 002161 0 7
399 195 453 296 002191 1 15
285 239 347 289 002191 0 2
121 257 238 293 002191 0 7
399 192 454 296 002221 1 15
280 237 342 293 002221 0 2
122 254 236 296 002221 0 7
396 195 455 305 002281 1 15
279 241 343 295 002281 0 2
119 259 237 297 002281 0 7
396 189 456 299 002311 1 15
280 235 341 289 002311 0 2
122 255 250 290 002311 0 7
396 191 463 299 002371 1 15
285 242 347 290 002371 0 2
130 258 245 298 002371 0 7
394 188 461 304 002401 1 15
281 236 342 289 002401 0 2
125 254 246 294 002401 0 7
410 186 483 288 002551 1 15
278 237 346 289 002551 0 2
124 257 247 292 002551 0 7
409 188 461 292 002581 1 15
281 236 347 286 002581 0 2
124 254 242 292 002581 0 7
401 201 451 284 002611 1 15
280 238 347 287 002611 0 2
119 255 248 294 002611 0 7
386 158 506 260 002671 1 12
256 166 443 326 003451 0 8
180 079 492 367 003481 1 18
157 073 492 381 003511 1 18
159 074 482 386 003511 1 11
160 068 487 384 003541 1 18
211 028 513 318 003571 1 18
304 398 388 465 003571 1 12
201 034 498 322 003601 0 8
243 397 355 476 003631 1 12
219 034 489 265 003661 0 8
218 040 484 279 003691 0 8
175 094 455 336 003721 0 8
227 376 323 470 003751 1 12
217 274 358 379 003811 1 12
215 072 478 311 003841 0 8
231 361 341 446 003901 1 12
422 275 512 400 004201 1 19
406 261 500 373 004231 1 19
424 265 506 377 004261 1 19
418 265 503 368 004291 1 19
460 257 526 370 004351 1 19
450 253 522 352 004381 1 19
283 220 378 329 005341 1 14
015 277 160 352 005341 0 7
288 223 366 272 005371 1 14
291 216 388 283 005401 1 14
206 268 286 337 005401 0 2
298 220 382 295 005461 1 14
203 270 271 339 005461 0 2
299 228 385 305 005491 1 14
203 276 275 354 005491 0 2
293 221 393 298 005521 1 14
198 269 272 338 005521 0 2
301 228 404 319 005551 1 14
203 282 273 348 005551 0 2
271 212 363 306 005581 1 14
282 227 359 343 005611 1 14
019 291 134 342 005611 0 7
324 192 400 270 005671 1 14
321 204 393 287 005701 1 14
242 200 350 305 005731 1 12
198 221 284 297 005761 1 12
196 240 281 307 005791 1 12
202 258 284 332 005821 1 12
177 214 225 313 005851 1 14
220 257 284 331 005881 0 2
174 211 279 316 005941 1 14
192 259 285 336 005971 1 13
239 255 297 325 006001 0 2
331 160 485 295 006061 0 1
221 098 259 170 006121 1 20
148 064 188 148 006151 1 20
494 208 547 268 006151 0 2
488 226 544 284 006181 0 2
271 233 412 275 006181 0 7
116 070 164 176 006181 1 20
499 251 556 314 006241 0 2
446 285 493 316 006241 0 4
457 297 503 331 006271 0 4
505 258 564 325 006271 0 2
286 259 416 312 006271 0 7
129 088 173 187 006271 1 20
129 082 181 187 006301 1 20
457 297 514 331 006301 0 4
299 260 430 310 006301 0 7
310 250 435 321 006331 1 13
472 295 515 321 006331 0 4
463 216 688 431 006391 1 13
403 286 642 474 006421 1 13
331 271 502 413 006451 1 13
291 201 560 371 006481 1 13
081 278 191 324 006511 0 7
252 263 311 319 006511 0 2
213 304 262 325 006511 0 4
275 264 594 398 006541 1 13
071 272 197 325 006541 0 7
212 300 254 326 006541 0 4
249 260 292 314 006541 0 2
269 254 581 380 006571 1 13
256 257 313 308 006571 0 2
216 296 259 315 006571 0 4
082 271 197 309 006571 0 7
290 259 580 376 006601 1 13
225 292 264 313 006601 0 4
261 256 317 300 006601 0 2
208 307 208 307 006601 0 7
246 257 310 313 006631 0 2
212 300 253 321 006631 0 4
074 276 195 325 006631 0 7
328 192 592 379 006661 1 13
273 248 614 380 006691 1 13
251 248 308 296 006691 0 2
216 291 263 310 006691 0 4
076 265 197 312 006691 0 7
274 245 653 398 006751 1 13
087 272 191 314 006751 0 7
311 266 582 393 006781 1 13
228 303 265 326 006781 0 4
266 267 314 316 006781 0 2
091 283 211 324 006781 0 7
296 239 602 396 006811 1 13
224 296 262 322 006811 0 4
083 274 198 315 006811 0 7
316 236 607 390 006841 1 13
310 244 608 383 006901 1 13
316 235 600 358 006931 1 13
314 241 607 380 006961 1 13
299 219 598 378 007021 1 13
389 170 597 385 007081 1 13
384 139 547 277 007111 0 1
279 238 336 292 007111 0 2
364 134 522 273 007141 0 1
256 224 307 281 007141 0 2
226 227 291 289 007171 1 12
345 140 510 277 007171 0 1
325 335 468 478 007201 1 11
117 267 238 317 007231 0 3
432 077 627 251 007261 0 1
138 229 280 304 007261 0 3
312 248 462 415 007261 1 12
059 308 216 404 007291 0 3
342 284 467 450 007291 1 12
241 061 477 316 008071 0 8
380 345 459 444 008131 1 14
312 440 390 475 008131 1 12
216 030 485 291 008131 0 8
374 331 469 444 008161 1 12
223 086 521 331 008161 0 8
426 324 503 408 008191 1 14
344 370 447 467 008191 1 12
375 314 480 409 008221 1 14
357 401 451 470 008221 1 12
373 307 489 395 008251 1 14
353 411 461 476 008251 1 12
370 319 477 407 008281 1 14
355 409 443 472 008281 1 12
347 399 427 475 008311 1 12
455 315 536 380 008311 1 14
240 097 516 337 008341 0 8
315 389 402 454 008371 1 12
229 095 507 352 008371 1 18
323 389 403 447 008401 1 12
226 094 507 340 008401 1 18
315 393 410 458 008431 1 12
227 100 510 363 008431 1 18
309 385 394 449 008461 1 12
215 084 489 311 008461 0 8
307 393 390 450 008491 1 12
226 101 501 342 008611 0 8
359 182 616 424 009031 0 6
413 200 677 463 009061 1 16
360 050 699 449 009091 1 16
342 011 675 471 009121 1 16
419 015 701 469 009151 1 16
382 016 701 468 009181 1 16
267 039 665 465 009211 1 16
258 124 670 462 009241 1 16
269 138 653 453 009271 1 16
279 190 631 465 009301 1 16
354 072 669 467 009331 1 16
246 037 616 459 009361 1 16
372 178 396 223 009631 1 20
302 127 454 342 009961 1 17
305 150 490 343 009991 1 17
058 270 172 322 009991 0 3
179 247 241 300 009991 0 2
305 135 496 352 010021 1 17
193 259 230 309 010051 0 2
225 301 269 324 010051 0 4
304 035 472 303 010081 1 17
291 129 488 330 010111 1 17
056 267 173 326 010111 0 3
177 242 238 296 010111 0 2
286 147 484 368 010171 1 17
056 277 179 343 010171 0 3
180 250 238 309 010171 0 2
300 067 462 331 010231 1 17
303 089 451 335 010261 1 17
189 273 250 325 010261 0 3
269 029 445 302 010291 1 17
025 281 157 337 010291 0 3
157 248 218 301 010291 0 2
139 319 438 371 010921 1 21
177 331 541 363 011041 1 21
236 329 562 355 011071 1 21
221 314 512 345 011131 1 21
204 324 504 357 011281 1 21
205 321 503 354 011311 1 21
216 310 517 354 011341 1 21
202 307 505 364 011371 1 21
208 334 511 390 011401 1 21
184 346 487 414 011431 1 21
193 345 490 428 011461 1 21
146 351 451 433 011491 1 21
152 360 454 432 011521 1 21
178 325 486 416 011551 1 21
147 331 490 416 011581 1 21
172 308 488 410 011671 1 21
364 003 432 113 011731 1 20
276 119 437 358 012271 1 17
285 098 474 372 012301 1 17
298 048 474 365 012331 1 17
311 161 474 368 012361 1 17
246 266 306 330 012481 0 2
290 314 357 355 012481 0 4
384 127 574 304 012511 0 1
