172 025 479 312 000241 1 11
177 032 483 338 000271 1 11
210 036 517 347 000301 1 11
213 020 513 320 000331 1 11
181 038 488 336 000361 1 11
186 025 459 250 000391 1 11
220 037 485 251 000421 1 11
218 029 496 237 000451 1 11
158 038 433 257 000481 1 11
227 034 487 249 000511 1 11
194 024 459 229 000541 1 11
196 027 459 236 000571 1 11
208 025 460 241 000601 1 11
212 028 500 266 000631 1 11
196 035 464 251 000661 1 11
201 043 460 260 000691 1 11
200 067 444 279 000721 1 11
285 042 411 214 000781 1 15
174 098 307 288 000811 1 15
362 042 493 208 000841 1 15
368 056 495 227 000871 1 15
358 028 470 168 000931 1 15
424 027 524 175 000991 1 15
387 028 489 171 001051 1 15
377 004 488 136 001141 1 15
370 003 490 141 001171 1 15
329 076 521 252 001201 0 1
081 012 615 464 001921 1 16
114 008 619 465 001951 1 16
139 009 647 462 001981 1 16
144 002 654 462 002161 1 16
116 002 593 458 002191 1 16
149 004 660 475 002221 1 16
097 004 574 472 002251 1 16
088 006 568 473 002281 1 16
113 003 538 461 002311 1 16
029 001 481 465 002341 1 16
312 002 604 416 002371 1 16
196 273 343 434 002881 0 3
228 246 505 473 002971 1 13
543 127 704 284 002971 0 1
176 121 584 423 003001 1 13
212 128 588 399 003031 1 13
272 093 602 340 003061 1 13
127 167 597 347 003091 1 13
020 168 587 353 003121 1 13
128 097 546 356 003151 1 13
122 065 548 357 003211 1 13
133 096 554 337 003271 1 13
099 164 552 357 003301 1 13
102 108 572 322 003331 1 13
065 144 559 369 003421 1 13
095 250 571 410 003481 1 13
321 030 502 198 003841 0 1
280 158 334 199 003841 0 5
505 119 555 157 003841 0 2
385 220 435 320 004651 0 9
353 228 417 345 004681 1 19
391 228 481 364 004711 1 19
378 185 471 340 004741 1 19
362 192 456 351 004771 1 19
375 194 463 342 004801 1 19
348 199 455 346 004831 1 19
360 209 413 329 004861 0 9
369 270 436 382 004921 0 9
366 226 419 340 004951 0 9
350 277 522 451 005821 1 12
318 173 489 355 005851 1 12
339 040 510 231 005881 1 12
396 068 535 206 005911 1 12
310 170 470 320 005941 1 12
232 276 384 422 006571 1 12
398 290 505 386 006601 1 12
295 005 600 238 006601 0 8
275 299 378 394 006631 1 12
073 005 469 240 006631 1 18
002 001 425 256 006661 1 18
188 283 313 393 006661 1 12
209 277 326 383 006691 1 12
032 003 451 232 006691 1 18
227 292 334 393 006721 1 12
047 001 474 241 006721 1 18
059 006 479 241 006751 1 18
228 293 342 393 006751 1 12
215 301 324 406 006781 1 12
047 006 468 244 006781 1 18
252 288 364 396 006811 1 12
097 007 513 211 006811 0 8
388 131 541 262 006841 1 12
065 006 468 180 006871 0 8
081 004 487 198 006901 0 8
154 005 551 197 006961 0 8
397 253 504 396 007771 0 1
256 306 331 361 007771 0 3
436 243 500 362 007951 1 14
277 127 434 307 008041 1 12
457 085 538 253 008071 1 14
213 028 401 226 008071 1 12
333 081 468 233 008161 1 14
051 027 204 211 008161 1 12
409 035 527 169 008191 1 14
362 092 486 198 008281 1 14
338 176 474 273 008581 1 14
329 276 465 381 008611 1 14
359 239 472 350 008641 1 14
487 152 585 291 008881 1 14
282 315 397 423 008881 1 12
173 006 532 213 008911 1 18
328 265 430 352 008911 0 3
338 243 432 326 008941 1 12
370 254 473 335 009001 1 12
441 178 544 250 009031 1 12
439 176 544 254 009031 1 12
095 002 474 197 009061 1 18
237 230 356 322 009061 1 12
243 259 374 358 009091 1 12
087 004 504 192 009091 1 18
096 002 494 185 009121 1 18
257 261 364 354 009121 1 12
265 244 376 347 009151 1 12
111 007 503 195 009151 0 8
406 053 522 199 009181 1 14
274 191 445 323 009181 1 12
272 127 508 290 009241 1 12
463 141 580 282 009271 1 14
288 263 358 370 009361 1 14
309 323 385 416 009451 1 14
306 359 387 445 009481 1 14
108 003 542 199 009481 0 8
107 003 527 195 009511 0 8
291 329 365 424 009511 1 14
348 332 446 425 009541 1 14
096 005 521 177 009541 0 8
318 407 407 469 009571 1 12
149 004 544 179 009571 0 8
373 300 521 434 009601 1 12
191 002 576 215 009601 0 8
173 002 559 206 009631 0 8
497 122 566 255 011131 1 20
478 058 548 175 011161 1 20
607 003 685 076 011251 1 20
436 004 508 111 011281 1 20
442 005 516 083 011311 1 20
618 009 679 110 011341 1 20
421 183 474 232 011371 0 2
274 224 415 295 011371 0 3
092 259 245 324 011371 1 17
240 202 445 300 011401 1 17
207 106 563 467 011431 1 17
116 087 389 407 011461 1 17
133 006 456 343 011491 1 17
142 006 479 349 011521 1 17
252 010 615 341 011671 1 17
262 006 617 369 011701 1 17
247 007 485 235 011731 1 17
195 006 396 246 011851 1 17
339 092 608 470 011941 1 17
421 024 679 334 012271 1 17
151 130 416 453 012271 1 17
276 088 562 466 012361 1 17
302 145 595 463 012391 1 17
231 139 540 469 012481 1 17
167 285 686 465 013051 1 21
207 297 681 463 013081 1 21
214 289 684 444 013291 1 21
277 307 676 437 013321 1 21
283 250 638 363 013381 1 21
356 247 715 384 013411 1 21
331 251 661 387 013471 1 21
253 166 605 332 013501 1 21
308 155 652 316 013531 1 21
421 160 704 303 013561 1 21
168 104 453 465 013801 1 17
252 075 533 463 013951 1 17
279 016 617 460 013981 1 17
326 048 674 394 014371 1 17
263 008 587 458 014491 1 17
