328 159 506 360 000181 1 11
350 167 550 405 000211 1 11
327 170 515 396 000241 1 11
326 164 521 393 000271 1 11
330 166 525 388 000301 1 11
323 163 524 393 000331 1 11
320 166 516 385 000361 1 11
332 166 523 394 000391 1 11
329 165 529 387 000421 1 11
332 164 526 388 000481 1 11
330 158 520 380 000511 1 11
336 160 517 370 000541 1 11
333 164 528 383 000631 1 11
579 280 654 343 000661 0 2
581 296 650 357 000691 0 2
571 302 643 365 000721 0 2
394 146 454 242 000841 1 15
411 155 479 251 000871 1 15
422 156 485 252 000901 1 15
415 159 482 254 000931 1 15
405 144 465 260 000991 1 15
401 144 460 265 001021 1 15
401 145 457 257 001051 1 15
406 148 465 264 001081 1 15
407 143 469 262 001141 1 15
411 156 477 272 001291 1 15
407 157 466 259 001321 1 15
405 150 468 263 001381 1 15
402 143 468 256 001411 1 15
404 148 463 250 001441 1 15
421 159 480 274 001471 1 15
413 162 468 266 001501 1 15
585 368 652 427 001561 0 2
225 393 320 472 001561 0 7
331 283 495 452 001591 0 1
534 361 603 417 001591 0 2
528 331 593 397 001621 0 2
309 264 488 446 001621 0 1
085 384 260 474 001621 0 7
495 258 574 330 001651 0 2
259 158 452 382 001651 0 1
548 240 626 315 001681 0 2
301 127 502 354 001681 0 1
285 168 468 388 001711 0 1
513 281 585 351 001711 0 2
364 145 506 337 001891 1 13
275 171 521 343 001981 1 13
263 169 519 356 002011 1 13
263 172 517 355 002041 1 13
264 172 525 357 002071 1 13
244 171 524 352 002101 1 13
261 170 513 353 002131 1 13
264 172 514 356 002161 1 13
257 148 530 332 002191 1 13
275 160 548 328 002221 1 13
262 158 532 332 002251 1 13
264 156 533 336 002281 1 13
251 144 540 346 002311 1 13
259 170 539 307 002341 1 13
255 103 535 301 002371 1 13
361 112 543 316 002401 1 13
329 026 529 234 002431 1 13
524 270 592 334 002461 0 2
571 202 655 269 002491 0 2
544 270 619 338 002611 0 2
443 107 520 184 002701 1 14
376 067 461 168 002731 1 14
376 113 466 218 002761 1 14
351 142 431 204 002791 1 14
367 158 479 247 002821 1 12
350 160 472 245 002851 1 12
447 138 518 203 002851 1 14
358 154 455 247 002881 1 12
422 137 496 195 002881 1 14
430 116 499 182 002911 1 14
351 158 464 252 002911 1 12
415 146 496 198 002941 1 14
350 163 460 258 002941 1 12
362 156 454 251 003001 1 12
406 138 519 230 003031 1 12
416 136 538 252 003061 1 12
313 324 466 412 003121 1 14
410 253 574 318 003271 1 14
336 318 386 401 005041 0 9
412 240 494 342 005071 1 19
448 272 513 347 005101 1 19
472 277 541 351 005131 1 19
467 267 545 348 005161 1 19
409 217 481 302 005191 1 19
451 230 524 318 005221 1 19
439 284 476 343 005281 0 9
432 258 489 325 005251 1 19
462 304 505 368 005311 0 9
507 313 539 370 005341 0 9
229 113 570 404 005521 0 8
258 114 601 401 005551 0 8
257 092 573 391 005581 0 8
288 085 584 367 005611 0 8
226 067 514 377 005641 0 8
258 076 573 385 005671 0 8
257 085 549 381 005701 0 8
250 078 548 378 005731 0 8
472 011 541 107 005761 1 13
229 069 551 379 005791 1 18
235 067 546 376 005821 1 18
243 079 546 376 005851 1 18
258 076 558 371 005881 1 18
264 082 569 376 005911 1 18
264 077 575 379 005941 1 18
261 073 573 385 006001 1 18
247 068 550 375 006031 1 18
248 072 545 380 006061 1 18
264 075 570 389 006091 0 8
252 086 551 382 006121 0 8
234 081 541 382 006151 0 8
234 078 538 379 006181 0 8
380 121 633 384 006211 0 8
272 089 587 372 006331 1 18
279 090 595 375 006361 1 18
287 094 593 372 006391 1 18
290 088 600 372 006421 1 18
306 055 629 349 006451 1 18
295 069 625 358 006481 1 18
294 072 621 357 006511 0 8
295 076 613 352 006541 1 18
276 068 594 347 006571 1 18
282 073 606 370 006601 1 18
297 043 634 340 006631 0 8
298 035 625 338 006661 0 8
288 052 603 366 006691 0 8
555 104 604 187 008131 1 20
371 004 446 114 008191 1 20
354 082 412 181 008221 1 20
307 141 349 208 008251 1 20
409 207 600 435 008941 0 1
187 321 338 453 008941 0 7
323 231 516 415 008971 0 1
161 355 303 461 009001 0 7
346 229 542 423 009001 1 11
316 199 523 398 009031 0 1
351 201 552 399 009061 0 1
320 124 491 358 009091 1 17
329 132 511 382 009121 1 17
331 138 498 380 009151 1 17
342 135 518 366 009181 1 17
343 107 507 339 009211 1 17
337 137 530 362 009241 1 17
328 148 508 360 009271 1 17
340 085 511 347 009301 1 17
270 127 466 329 009361 1 17
280 170 572 470 009451 1 17
246 392 648 473 010441 1 21
273 378 664 475 010621 1 21
264 385 636 477 010651 1 21
260 381 634 474 010681 1 21
249 373 648 478 010891 1 21
233 398 613 478 010921 1 21
355 172 570 453 011041 0 6
270 151 594 460 011071 0 6
254 047 681 469 011251 1 16
302 037 699 462 011281 1 16
333 054 717 472 011311 1 16
104 116 630 467 011341 1 16
154 131 663 464 011371 1 16
258 217 658 466 011401 1 16
259 228 659 468 011431 1 16
224 117 641 465 011461 1 16
235 138 626 475 011491 1 16
180 115 591 469 011521 0 6
070 087 483 464 011551 0 6
402 133 554 373 012841 1 17
347 115 593 303 012901 1 17
390 141 574 357 012931 1 17
374 121 557 341 012961 1 17
353 022 504 275 012991 1 17
